Sandia National Laboratories
Test No. 06
sx6e03a.dat  Start Time = Start Time sec.  Y-axis = Load (lbf)
12-13-1996
11:43:29
 143.5 
1
0
 8.48273 
 94
 9216.141 
 9636.42 
 9756.5 
 9651.43 
 9681.45 
 9216.141 
 8930.95 
 8990.99 
 9201.13 
 9576.38 
 10236.82 
 10732.15 
 11482.65 
 12158.1 
 12923.61 
 13343.89 
 13013.67 
 12623.41 
 12023.01 
 11437.62 
 11317.54 
 11452.63 
 11782.85 
 12218.14 
 12578.38 
 12578.38 
 12458.3 
 12173.11 
 11737.82 
 11347.56 
 11002.33 
 10702.13 
 10537.02 
 10537.02 
 10552.03 
 10702.13 
 10642.09 
 10762.17 
 10732.15 
 10206.8 
 10161.77 
 9816.54 
 9291.19 
 9396.26 
 9426.28 
 9486.32 
 9981.65 
 10221.81 
 10146.76 
 10266.84 
 9966.641 
 9546.36 
 9576.38 
 9186.12 
 8990.99 
 9576.38 
 8705.8 
 8255.5 
 8090.39 
 7369.91 
 7084.72 
 7084.72 
 7174.78 
 7760.17 
 8285.521 
 8495.66 
 8675.78 
 8480.65 
 7955.3 
 7595.06 
 7204.8 
 7039.69 
 7189.79 
 7580.05 
 7940.29 
 8240.49 
 8360.57 
 8075.38 
 7775.18 
 7474.98 
 7099.73 
 7039.69 
 7294.86 
 7520.01 
 7970.31 
 8300.53 
 8420.61 
 8405.601 
 8240.49 
 8060.37 
 8075.38 
 8165.44 
 8405.601 
 9216.141 
 12.49957 
 9.190863 
 6.617421 
 4.534159 
 2.573442 
 1.347993 
 .4901793 
 0 
 0 
 .3676345 
 1.347993 
 2.573442 
 4.166524 
 6.004697 
 8.210504 
 10.53886 
 13.47993 
 16.42101 
 20.09735 
 23.65115 
 27.57259 
 31.49402 
 35.78309 
 39.82707 
 44.36123 
 48.77284 
 53.307 
 58.08625 
 62.8655 
 67.7673 
 72.54654 
 77.69343 
 82.71777 
 87.49701 
 92.27626 
 97.17805 
 101.7122 
 106.3689 
 110.9031 
 114.9471 
 119.1136 
 122.9125 
 126.4663 
 129.6524 
 132.471 
 135.0444 
 137.3728 
 139.2109 
 140.6815 
 141.7844 
 142.6422 
 143.2549 
 143.5 
 143.5 
 143.2549 
 142.7647 
 142.152 
 141.1716 
 139.9462 
 138.7207 
 137.2502 
 135.412 
 133.6964 
 131.7357 
 129.5299 
 127.2015 
 124.8732 
 122.5448 
 119.6038 
 116.9078 
 113.8441 
 110.7805 
 107.5944 
 104.2857 
 100.7318 
 97.17805 
 93.37917 
 89.45773 
 85.41375 
 81.24722 
 76.95815 
 72.424 
 68.01238 
 63.23314 
 58.33134 
 53.55209 
 48.6503 
 43.7485 
 38.96926 
 34.4351 
 29.65585 
 25.24424 
 20.95517 
 12.49957 
0
0
0
0
0
0
0
0
