Sandia National Laboratories
Test No. 06
sx6e03b.dat  Start Time = Start Time sec.  Y-axis = Load (lbf)
12-13-1996
11:44:11
 143.5 
1
0
 8.480953 
 94
 8210.47 
 8480.65 
 8870.91 
 9216.141 
 9666.44 
 9726.48 
 9696.46 
 9651.43 
 9201.13 
 8960.97 
 8975.98 
 9216.141 
 9591.391 
 10281.85 
 10777.18 
 11557.7 
 12188.12 
 12983.65 
 13373.91 
 13013.67 
 12608.4 
 12008 
 11437.62 
 11287.52 
 11497.66 
 11797.86 
 12218.14 
 12608.4 
 12623.41 
 12443.29 
 12188.12 
 11722.81 
 11302.53 
 11017.34 
 10687.12 
 10567.04 
 10552.03 
 10567.04 
 10717.14 
 10627.08 
 10777.18 
 10642.09 
 10206.8 
 10116.74 
 9771.51 
 9321.21 
 9441.29 
 9411.271 
 9516.34 
 9981.65 
 10161.77 
 10176.78 
 10236.82 
 9936.62 
 9576.38 
 9576.38 
 9156.101 
 9051.03 
 9516.34 
 8675.78 
 8240.49 
 8075.38 
 7369.91 
 7054.7 
 7054.7 
 7174.78 
 7745.16 
 8255.5 
 8480.65 
 8660.771 
 8450.63 
 7985.32 
 7565.04 
 7219.81 
 7084.72 
 7204.8 
 7595.06 
 8000.33 
 8255.5 
 8360.57 
 8165.44 
 7715.14 
 7444.96 
 7144.76 
 7039.69 
 7279.85 
 7595.06 
 7955.3 
 8315.54 
 8465.64 
 8375.58 
 8255.5 
 8105.4 
 8210.47 
 24.14133 
 19.85226 
 16.17592 
 12.37703 
 9.313407 
 6.617421 
 4.411614 
 2.573442 
 1.225448 
 .4901793 
 0 
 0 
 .4901793 
 1.347993 
 2.573442 
 4.166524 
 6.004697 
 8.210504 
 10.78395 
 13.47993 
 16.6661 
 20.09735 
 23.7737 
 27.69513 
 31.73911 
 35.90564 
 40.07216 
 44.36123 
 48.77284 
 53.55209 
 58.08625 
 62.98804 
 67.88984 
 72.79163 
 77.81597 
 82.84031 
 87.61955 
 92.3988 
 97.3006 
 101.9573 
 106.4915 
 111.0256 
 115.1921 
 119.1136 
 123.035 
 126.5888 
 129.6524 
 132.5935 
 135.0444 
 137.3728 
 139.2109 
 140.6815 
 141.7844 
 142.6422 
 143.2549 
 143.5 
 143.5 
 143.2549 
 142.6422 
 142.0295 
 140.9266 
 139.9462 
 138.5982 
 137.1277 
 135.5346 
 133.6964 
 131.7357 
 129.4073 
 127.2015 
 124.7506 
 122.2997 
 119.4812 
 116.6627 
 113.8441 
 110.7805 
 107.5944 
 104.1631 
 100.6093 
 97.05551 
 93.25661 
 89.33518 
 85.41375 
 81.12468 
 76.71307 
 72.30145 
 67.7673 
 62.98804 
 58.2088 
 53.307 
 48.52776 
 43.62596 
 38.84671 
 34.06746 
 24.14133 
0
0
0
0
0
0
0
0
