Sandia National Laboratories
Test No. 06
sx6i03b.dat  Start Time = Start Time sec.  Y-axis = Load (lbf)
12-17-1996
10:00:51
 143.5 
1
0
 8.503897 
 95
 5362.323 
 5542.442 
 5857.653 
 6337.973 
 6638.172 
 6818.292 
 6788.272 
 6758.252 
 6593.143 
 6548.113 
 6578.133 
 6818.292 
 7043.442 
 7433.703 
 7718.893 
 7838.973 
 7974.063 
 7899.013 
 7628.833 
 8214.223 
 8379.333 
 9009.753 
 9385.003 
 10030.43 
 11381.33 
 12477.06 
 13662.85 
 14503.41 
 14053.11 
 13692.87 
 13062.45 
 12146.84 
 11966.72 
 12041.77 
 12281.93 
 12912.35 
 13212.55 
 13347.64 
 13287.6 
 13032.43 
 12702.21 
 12281.93 
 11846.64 
 11516.42 
 11141.17 
 11126.16 
 11321.29 
 11411.35 
 11846.64 
 11846.64 
 11696.54 
 11576.46 
 11261.25 
 10600.81 
 10450.71 
 10135.5 
 10150.51 
 10450.71 
 10705.88 
 10901.01 
 11036.1 
 11126.16 
 10825.96 
 10870.99 
 10300.61 
 10060.45 
 9700.213 
 9219.893 
 8739.572 
 8289.272 
 7478.732 
 6743.243 
 5722.563 
 5017.093 
 4671.863 
 5017.093 
 5767.593 
 6488.073 
 7298.613 
 7403.683 
 7118.493 
 6578.133 
 5767.593 
 5137.172 
 4897.013 
 5122.163 
 5662.522 
 6232.903 
 6713.223 
 6923.363 
 6728.232 
 6292.942 
 5842.643 
 5437.373 
 5362.323 
 60.8155 
 56.14683 
 51.23245 
 46.31807 
 41.40368 
 36.73502 
 32.06635 
 27.52055 
 23.0976 
 19.04324 
 15.11173 
 11.79452 
 8.723031 
 6.14298 
 3.931507 
 2.211473 
 1.105736 
 .1228596 
 0 
 0 
 .3685788 
 1.351455 
 2.702911 
 4.422945 
 6.388699 
 8.723031 
 11.42594 
 14.25171 
 17.44606 
 21.00899 
 24.81764 
 28.62628 
 32.68065 
 36.85788 
 41.15796 
 45.58091 
 50.00385 
 54.67252 
 59.34118 
 64.00985 
 68.92423 
 73.83862 
 78.87585 
 83.66738 
 88.4589 
 93.25043 
 98.04195 
 102.7106 
 107.3793 
 111.5565 
 115.7337 
 119.6652 
 123.5967 
 127.2825 
 130.2312 
 133.0569 
 135.3913 
 137.7256 
 139.5685 
 140.7971 
 142.0257 
 142.8857 
 143.2543 
 143.5 
 143.5 
 143.2543 
 142.7628 
 141.9028 
 141.0428 
 139.8142 
 138.3399 
 137.1113 
 135.2684 
 133.4255 
 131.4598 
 129.2483 
 127.0368 
 124.4568 
 121.8767 
 119.1738 
 116.2252 
 113.3994 
 110.205 
 106.8878 
 103.5706 
 100.0077 
 96.44478 
 92.51327 
 88.58176 
 84.5274 
 80.35017 
 75.92722 
 71.38142 
 66.83562 
 60.8155 
0
0
0
0
0
0
0
0
