Sandia National Laboratories
Test No. 06
sx6i03a.dat  Start Time = Start Time sec.  Y-axis = Load (lbf)
12-17-1996
10:00:09
 143.5 
1
0
 8.502833 
 95
 6623.163 
 6848.313 
 6818.292 
 6713.223 
 6608.153 
 6593.143 
 6578.133 
 6848.313 
 7103.482 
 7463.723 
 7703.883 
 7868.993 
 7944.042 
 7884.002 
 7628.833 
 8229.232 
 8394.343 
 9009.753 
 9400.013 
 10000.41 
 11351.31 
 12462.05 
 13677.86 
 14518.42 
 14053.11 
 13692.87 
 13062.45 
 12176.86 
 11906.68 
 12041.77 
 12251.91 
 12837.3 
 13182.53 
 13332.63 
 13272.59 
 13032.43 
 12762.25 
 12281.93 
 11861.65 
 11546.44 
 11171.19 
 11171.19 
 11336.3 
 11456.38 
 11786.6 
 11816.62 
 11681.53 
 11546.44 
 11246.24 
 10630.83 
 10420.69 
 10210.55 
 10210.55 
 10465.72 
 10720.89 
 10901.01 
 10991.07 
 11096.14 
 10886 
 10886 
 10360.65 
 10060.45 
 9715.223 
 9249.913 
 8754.583 
 8319.293 
 7478.732 
 6773.263 
 5722.563 
 5017.093 
 4716.893 
 5032.103 
 5737.573 
 6548.113 
 7283.603 
 7388.673 
 7163.522 
 6518.093 
 5737.573 
 5137.172 
 4866.993 
 5122.163 
 5662.522 
 6232.903 
 6698.212 
 6893.343 
 6713.223 
 6277.933 
 5857.653 
 5482.402 
 5317.292 
 5497.413 
 5812.623 
 6217.893 
 6623.163 
 41.66525 
 36.88599 
 32.22929 
 27.69513 
 23.28352 
 19.23954 
 15.3181 
 12.13194 
 8.945773 
 6.249786 
 4.289069 
 2.450897 
 1.225448 
 .3676345 
 .1225448 
 0 
 .735269 
 1.715628 
 2.941076 
 4.656703 
 6.617421 
 8.945773 
 11.64176 
 14.46029 
 17.64646 
 21.20026 
 24.8766 
 28.79804 
 32.84201 
 37.00854 
 41.17506 
 45.58668 
 50.12084 
 54.65499 
 59.3117 
 64.09095 
 68.99274 
 74.01708 
 78.79633 
 83.69812 
 88.47737 
 93.25661 
 98.03587 
 102.8151 
 107.2267 
 111.5158 
 115.6823 
 119.7263 
 123.5252 
 127.079 
 130.1426 
 132.8386 
 135.2895 
 137.6178 
 139.2109 
 140.6815 
 141.9069 
 142.7647 
 143.1324 
 143.3775 
 143.5 
 143.1324 
 142.5196 
 141.9069 
 140.9266 
 139.5786 
 138.3531 
 136.8826 
 135.2895 
 133.3288 
 131.3681 
 129.1623 
 126.9564 
 124.383 
 121.8096 
 119.1136 
 116.295 
 113.2314 
 110.0453 
 106.9816 
 103.4278 
 99.99658 
 96.32024 
 92.3988 
 88.59991 
 84.55594 
 80.38941 
 75.9778 
 71.32109 
 66.78693 
 62.13023 
 57.47353 
 52.69428 
 47.66994 
 41.66525 
0
0
0
0
0
0
0
0
