Gassy Well w/separator  August 1996
2x5i06.csv,  Start Time = 30 sec, Duration = 30 sec
08/04/96
0:15:00 AM
time(sec),     acc(in/s/s),  load_1(lbf),  load_2(lbf),  load_3(lbf),  Pressure(psi)
 30 ,          3.70277 ,     941 ,         1011.9 ,      1043.6 ,      1604.9 
 30.2 ,        1.02855 ,     860.6 ,       962.7 ,       992.8 ,       1607.7 
 30.4 ,       -14.811 ,      781.2 ,       845 ,         871.5 ,       1604.9 
 30.6 ,       -13.371 ,      650.4 ,       650.2 ,       728.1 ,       1604.9 
 30.8 ,       -11.314 ,      491.6 ,       484.2 ,       542.8 ,       1599.3 
 31 ,          5.96558 ,     337.4 ,       280.9 ,       376.2 ,       1607.7 
 31.2 ,        .61713 ,      176.5 ,       99 ,          188.7 ,       1613.4 
 31.4 ,       -3.2914 ,      46.8 ,       -108.7 ,       32 ,          1607.7 
 31.6 ,       -8.4341 ,     -185.7 ,      -400.9 ,      -269.1 ,       1607.7 
 31.8 ,        3.49707 ,    -391.3 ,      -736.8 ,      -558.1 ,       1619.1 
 32 ,         -6.9941 ,     -325.3 ,      -715.5 ,      -593.4 ,       1616.2 
 32.2 ,       -18.514 ,     -289.5 ,      -750.8 ,      -572.4 ,       1619.1 
 32.4 ,       -17.485 ,     -288.5 ,      -708 ,        -585.7 ,       1613.4 
 32.6 ,        4.93703 ,    -301.9 ,      -693 ,        -541.5 ,       1607.7 
 32.8 ,        81.6668 ,    -117.7 ,      -460.9 ,      -316.5 ,       1593.6 
 33 ,          8.84552 ,     328.6 ,       244.6 ,       338.7 ,       1616.2 
 33.2 ,        43.8162 ,     784.7 ,       806.6 ,       846.1 ,       1624.7 
 33.4 ,        22.6281 ,     1054.1 ,      1217.6 ,      1226.6 ,      1621.9 
 33.6 ,        15.6339 ,     1374.9 ,      1594.3 ,      1500.2 ,      1616.2 
 33.8 ,        57.5987 ,     1444.3 ,      1702.5 ,      1597.3 ,      1633.2 
 34 ,          73.8498 ,     1522.7 ,      1763.6 ,      1674.5 ,      1641.7 
 34.2 ,        59.2444 ,     1579.7 ,      1762.6 ,      1745 ,        1647.4 
 34.4 ,       -83.93 ,       1344.7 ,      1426.3 ,      1800.2 ,      1621.9 
 34.6 ,       -104.5 ,       1386.9 ,      1619.7 ,      1153.9 ,      1590.8 
 34.8 ,       -85.37 ,       1266 ,        1448.4 ,      1407.6 ,      1576.6 
 35 ,         -31.885 ,      1301.8 ,      1538.3 ,      1514.6 ,      1579.4 
 35.2 ,       -.4114 ,       1335.5 ,      1570.5 ,      1533.3 ,      1593.6 
 35.4 ,       -18.72 ,       1347.9 ,      1554.6 ,      1459.4 ,      1604.9 
 35.6 ,       -26.125 ,      1313.2 ,      1521.3 ,      1496.9 ,      1596.4 
 35.8 ,       -108.2 ,       1062.6 ,      1239.7 ,      1206.9 ,      1576.6 
 36 ,         -127.95 ,      557.2 ,       588.8 ,       636.6 ,       1559.6 
 36.2 ,       -21.188 ,     -155.9 ,      -386.2 ,      -296.6 ,       1565.3 
 36.4 ,       -2.4685 ,     -398.7 ,      -771.8 ,      -637.6 ,       1658.7 
 36.6 ,       -48.136 ,     -371.7 ,      -815.6 ,      -639.8 ,       1670 
 36.8 ,       -78.787 ,     -567.4 ,      -1016.9 ,     -789.8 ,       1667.2 
 37 ,         -66.65 ,      -557.5 ,      -923.9 ,      -736.9 ,       1653 
 37.2 ,        22.8338 ,    -460.4 ,      -830.9 ,      -698.2 ,       1638.9 
 37.4 ,        55.5416 ,    -465 ,        -835.3 ,      -587.9 ,       1624.7 
 37.6 ,        93.8036 ,    -564.6 ,      -624.5 ,      -571.3 ,       1613.4 
 37.8 ,        39.702 ,     -521 ,        -721.9 ,      -528.3 ,       1613.4 
 38 ,         -5.7599 ,     -384.5 ,      -758.2 ,      -580.2 ,       1621.9 
 38.2 ,       -13.988 ,     -414.6 ,      -801 ,        -566.9 ,       1627.6 
 38.4 ,        13.7826 ,    -392.3 ,      -821.3 ,      -473.2 ,       1624.7 
 38.6 ,        68.0899 ,    -375.7 ,      -763.6 ,      -442.3 ,       1613.4 
 38.8 ,        44.2276 ,    -353.3 ,      -770.1 ,      -477.6 ,       1610.6 
 39 ,          50.3989 ,    -329.9 ,      -775.5 ,      -468.7 ,       1602.1 
 39.2 ,       -6.5827 ,     -346.6 ,      -805.4 ,      -499.6 ,       1613.4 
 39.4 ,       -19.954 ,     -362.2 ,      -764.7 ,      -429.1 ,       1619.1 
 39.6 ,        1.85139 ,    -332.1 ,      -791.5 ,      -427.9 ,       1613.4 
 39.8 ,        34.5592 ,     220.1 ,      -81.9 ,        188.7 ,       1613.4 
 40 ,         -1.0285 ,      438.1 ,       252.1 ,       504.1 ,       1613.4 
 40.2 ,        2.0571 ,      1310 ,        1365.2 ,      1436.2 ,      1613.4 
 40.4 ,        21.3938 ,     1512.4 ,      1600.7 ,      1678.9 ,      1619.1 
 40.6 ,        69.1185 ,     1508.1 ,      1735.8 ,      1674.5 ,      1641.7 
 40.8 ,        89.4837 ,     1570.9 ,      1768 ,        1764.9 ,      1655.9 
 41 ,          33.325 ,      1541.8 ,      1740.2 ,      1707.5 ,      1655.9 
 41.2 ,       -30.239 ,      1465.6 ,      1611.6 ,      1646.9 ,      1636 
 41.4 ,       -35.382 ,      1439.7 ,      1545.1 ,      1578.5 ,      1619.1 
 41.6 ,       -14.4 ,        1455.3 ,      1615.7 ,      1579.6 ,      1613.4 
 41.8 ,        50.1932 ,     1511.3 ,      1724.9 ,      1663.4 ,      1624.7 
 42 ,          53.4845 ,     1537.2 ,      1777.5 ,      1703.1 ,      1641.7 
 42.2 ,        24.2737 ,     1484.7 ,      1741.2 ,      1680 ,        1650.2 
 42.4 ,       -11.52 ,       1457.8 ,      1659.7 ,      1639.2 ,      1638.9 
 42.6 ,       -57.187 ,      1462 ,        1594.3 ,      1571.9 ,      1616.2 
 42.8 ,       -26.537 ,      1419.5 ,      1609.2 ,      1530 ,        1610.6 
 43 ,          3.49707 ,     1411.7 ,      1657.4 ,      1579.6 ,      1613.4 
 43.2 ,        13.3711 ,     1453.2 ,      1669.3 ,      1620.4 ,      1624.7 
 43.4 ,       -17.691 ,      1453.2 ,      1669.3 ,      1634.8 ,      1624.7 
 43.6 ,       -38.673 ,      1462 ,        1594.3 ,      1399.8 ,      1616.2 
 43.8 ,       -55.336 ,      1247.2 ,      1569.5 ,      1589.6 ,      1599.3 
 44 ,         -64.181 ,      1356.8 ,      1577 ,        1339.2 ,      1596.4 
 44.2 ,       -41.965 ,      1269.6 ,      1479.6 ,      1554.3 ,      1596.4 
 44.4 ,       -30.651 ,      1313.2 ,      1507.4 ,      1482.6 ,      1596.4 
 44.6 ,       -37.851 ,      1298.6 ,      1535.2 ,      1482.6 ,      1596.4 
 44.8 ,       -13.371 ,      1195.9 ,      1409 ,        1381.1 ,      1602.1 
 45 ,         -95.244 ,      886.1 ,       1042.8 ,      1046.9 ,      1587.9 
 45.2 ,       -72.821 ,      169.4 ,       78.4 ,        139.1 ,       1573.8 
 45.4 ,       -1.6457 ,     -469.2 ,      -742 ,        -578 ,         1647.4 
 45.6 ,       -79.815 ,     -400.8 ,      -829.5 ,      -668.5 ,       1670 
 45.8 ,       -69.941 ,     -456.8 ,      -841.4 ,      -666.3 ,       1658.7 
 46 ,         -107.38 ,     -516 ,        -1009.4 ,     -753.4 ,       1664.4 
 46.2 ,       -5.3485 ,     -512.8 ,      -922.8 ,      -678.4 ,       1647.4 
 46.4 ,        70.147 ,     -466 ,        -808.5 ,      -689.4 ,       1630.4 
 46.6 ,        48.7532 ,    -406.8 ,      -863.1 ,      -602.2 ,       1624.7 
 46.8 ,        44.4333 ,    -558.9 ,      -674.7 ,      -580.2 ,       1621.9 
 47 ,         -27.977 ,     -401.2 ,      -829.8 ,      -611.1 ,       1633.2 
 47.2 ,        46.6961 ,    -364.3 ,      -864.1 ,      -589 ,         1630.4 
 47.4 ,        34.5592 ,    -326.4 ,      -772.1 ,      -479.8 ,       1621.9 
 47.6 ,        67.8842 ,    -332.1 ,      -763.6 ,      -427.9 ,       1613.4 
 47.8 ,        52.8674 ,    -382.4 ,      -770.1 ,      -477.6 ,       1610.6 
 48 ,          24.2737 ,    -345.5 ,      -748.7 ,      -455.5 ,       1607.7 
 48.2 ,        13.7826 ,    -354.4 ,      -798.9 ,      -464.3 ,       1616.2 
 48.4 ,        4.11419 ,    -317.5 ,      -749.7 ,      -427.9 ,       1613.4 
 48.6 ,        6.58271 ,    -78.3 ,       -395.4 ,      -120.2 ,       1616.2 
 48.8 ,       -3.7028 ,     -86.1 ,       -416.8 ,      -214 ,         1619.1 
 49 ,         -3.9085 ,     -92.8 ,       -451.1 ,      -191.9 ,       1616.2 
 49.2 ,       -3.4971 ,     -92.8 ,       -451.1 ,      -177.5 ,       1616.2 
 49.4 ,       -3.9085 ,     -115.2 ,      -472.5 ,      -156.6 ,       1619.1 
 49.6 ,       -3.4971 ,     -107.4 ,      -451.1 ,      -191.9 ,       1616.2 
 49.8 ,       -3.4971 ,     -107.4 ,      -437.2 ,      -177.5 ,       1616.2 
 50 ,         -3.7028 ,     -115.2 ,      -458.6 ,      -170.9 ,       1619.1 
 50.2 ,       -3.4971 ,     -100.6 ,      -472.5 ,      -170.9 ,       1619.1 
 50.4 ,       -3.7028 ,     -100.6 ,      -472.5 ,      -185.3 ,       1619.1 
 50.6 ,       -3.7028 ,     -107.4 ,      -465 ,        -177.5 ,       1616.2 
 50.8 ,       -3.9085 ,     -107.4 ,      -465 ,        -177.5 ,       1616.2 
 51 ,         -3.4971 ,     -99.6 ,       -471.4 ,      -184.2 ,       1613.4 
 51.2 ,       -3.7028 ,     -129.7 ,      -458.6 ,      -199.6 ,       1619.1 
 51.4 ,       -3.7028 ,     -128.6 ,      -443.6 ,      -198.5 ,       1613.4 
 51.6 ,       -3.7028 ,     -144.2 ,      -486.4 ,      -199.6 ,       1619.1 
 51.8 ,       -3.9085 ,     -129.7 ,      -486.4 ,      -185.3 ,       1619.1 
 52 ,         -3.7028 ,     -136.4 ,      -478.9 ,      -191.9 ,       1616.2 
 52.2 ,       -3.4971 ,     -128.6 ,      -485.4 ,      -184.2 ,       1613.4 
 52.4 ,       -3.7028 ,     -114.1 ,      -499.3 ,      -184.2 ,       1613.4 
 52.6 ,       -3.9085 ,     -136.4 ,      -492.8 ,      -206.2 ,       1616.2 
 52.8 ,       -3.9085 ,     -99.6 ,       -485.4 ,      -198.5 ,       1613.4 
 53 ,         -3.9085 ,     -143.2 ,      -485.4 ,      -198.5 ,       1613.4 
 53.2 ,       -3.7028 ,     -128.6 ,      -499.3 ,      -198.5 ,       1613.4 
 53.4 ,       -3.7028 ,     -143.2 ,      -485.4 ,      -212.8 ,       1613.4 
 53.6 ,       -3.7028 ,     -143.2 ,      -485.4 ,      -212.8 ,       1613.4 
 53.8 ,       -3.9085 ,     -136.4 ,      -492.8 ,      -177.5 ,       1616.2 
 54 ,         -3.4971 ,     -128.6 ,      -499.3 ,      -212.8 ,       1613.4 
 54.2 ,       -3.9085 ,     -143.2 ,      -513.2 ,      -198.5 ,       1613.4 
 54.4 ,       -3.7028 ,     -136.4 ,      -506.7 ,      -220.6 ,       1616.2 
 54.6 ,       -3.9085 ,     -128.6 ,      -513.2 ,      -184.2 ,       1613.4 
 54.8 ,       -3.7028 ,     -143.2 ,      -499.3 ,      -212.8 ,       1613.4 
 55 ,         -3.7028 ,     -128.6 ,      -485.4 ,      -212.8 ,       1613.4 
 55.2 ,       -3.9085 ,     -151 ,        -520.7 ,      -191.9 ,       1616.2 
 55.4 ,       -3.9085 ,     -136.4 ,      -506.7 ,      -206.2 ,       1616.2 
 55.6 ,       -3.9085 ,     -128.6 ,      -527.1 ,      -212.8 ,       1613.4 
 55.8 ,       -3.9085 ,     -143.2 ,      -513.2 ,      -227.2 ,       1613.4 
 56 ,         -3.2914 ,     -128.6 ,      -527.1 ,      -212.8 ,       1613.4 
 56.2 ,       -3.7028 ,     -120.8 ,      -505.7 ,      -219.5 ,       1610.6 
 56.4 ,       -3.4971 ,     -127.6 ,      -498.3 ,      -211.7 ,       1607.7 
 56.6 ,       -3.7028 ,     -127.6 ,      -484.3 ,      -211.7 ,       1607.7 
 56.8 ,       -3.2914 ,      45.8 ,       -248.8 ,       45.3 ,        1613.4 
 57 ,         -2.2628 ,      293.8 ,       58.3 ,        290.2 ,       1607.7 
 57.2 ,       -4.937 ,       352 ,         183.5 ,       361.9 ,       1607.7 
 57.4 ,        2.87994 ,     627 ,         530.4 ,       676.2 ,       1613.4 
 57.6 ,        .20571 ,      976.8 ,       948.8 ,       1064.5 ,      1607.7 
 57.8 ,       -2.4685 ,      1194.8 ,      1254.9 ,      1322.6 ,      1607.7 
 58 ,          4.73132 ,     1405 ,        1567.5 ,      1573 ,        1610.6 
 58.2 ,        29.4165 ,     1447.5 ,      1580.4 ,      1614.9 ,      1616.2 
 58.4 ,        25.508 ,      1461 ,        1579.3 ,      1642.5 ,      1621.9 
 58.6 ,        15.0168 ,     1438.7 ,      1585.8 ,      1606.1 ,      1624.7 
 58.8 ,       -10.491 ,      1418.4 ,      1566.4 ,      1557.6 ,      1616.2 
 59 ,         -17.074 ,      1412.8 ,      1561 ,        1537.7 ,      1607.7 
 59.2 ,       -2.0571 ,      1374.9 ,      1566.4 ,      1514.5 ,      1616.2 
 59.4 ,        14.194 ,      1447.5 ,      1594.3 ,      1571.9 ,      1616.2 
 59.6 ,        25.9194 ,     1446.5 ,      1635 ,        1556.5 ,      1621.9 
 59.8 ,        .82284 ,      1402.9 ,      1621.1 ,      1570.8 ,      1621.9 
 60 ,          .61713 ,      1426.2 ,      1601.7 ,      1522.3 ,      1613.4 
