Gassy Well w/separator  August 1996
5x5i03.csv,  Start Time = 0 sec, Duration = 59 sec
08/04/96
0:00:00 AM
time(sec),     pos(in)
 0 ,           50.6 
 .02 ,         49.67 
 .04 ,         48.75 
 .06 ,         47.84 
 .08 ,         46.95 
 .1 ,          46.06 
 .12 ,         45.19 
 .14 ,         44.33 
 .16 ,         43.48 
 .18 ,         42.63 
 .2 ,          41.79 
 .22 ,         40.96 
 .24 ,         40.12 
 .26 ,         39.3 
 .28 ,         38.48 
 .3 ,          37.67 
 .32 ,         36.88 
 .34 ,         36.09 
 .36 ,         35.3 
 .38 ,         34.53 
 .4 ,          33.76 
 .42 ,         32.99 
 .44 ,         32.23 
 .46 ,         31.47 
 .48 ,         30.72 
 .5 ,          29.98 
 .52 ,         29.25 
 .54 ,         28.53 
 .56 ,         27.83 
 .58 ,         27.13 
 .6 ,          26.46 
 .62 ,         25.79 
 .64 ,         25.13 
 .66 ,         24.48 
 .68 ,         23.84 
 .7 ,          23.21 
 .72 ,         22.6 
 .74 ,         21.99 
 .76 ,         21.4 
 .78 ,         20.83 
 .8 ,          20.27 
 .82 ,         19.74 
 .84 ,         19.22 
 .86 ,         18.73 
 .88 ,         18.25 
 .9 ,          17.79 
 .92 ,         17.35 
 .94 ,         16.92 
 .96 ,         16.51 
 .98 ,         16.12 
 1 ,           15.74 
 1.02 ,        15.38 
 1.04 ,        15.03 
 1.06 ,        14.7 
 1.08 ,        14.39 
 1.1 ,         14.1 
 1.12 ,        13.82 
 1.14 ,        13.56 
 1.16 ,        13.31 
 1.18 ,        13.07 
 1.2 ,         12.85 
 1.22 ,        12.63 
 1.24 ,        12.43 
 1.26 ,        12.23 
 1.28 ,        12.04 
 1.3 ,         11.85 
 1.32 ,        11.68 
 1.34 ,        11.52 
 1.36 ,        11.36 
 1.38 ,        11.22 
 1.4 ,         11.09 
 1.42 ,        10.96 
 1.44 ,        10.84 
 1.46 ,        10.73 
 1.48 ,        10.62 
 1.5 ,         10.51 
 1.52 ,        10.41 
 1.54 ,        10.31 
 1.56 ,        10.21 
 1.58 ,        10.12 
 1.6 ,         10.03 
 1.62 ,        9.94 
 1.64 ,        9.86 
 1.66 ,        9.79 
 1.68 ,        9.72 
 1.7 ,         9.66 
 1.72 ,        9.6 
 1.74 ,        9.55 
 1.76 ,        9.51 
 1.78 ,        9.47 
 1.8 ,         9.43 
 1.82 ,        9.41 
 1.84 ,        9.39 
 1.86 ,        9.38 
 1.88 ,        9.38 
 1.9 ,         9.39 
 1.92 ,        9.41 
 1.94 ,        9.44 
 1.96 ,        9.49 
 1.98 ,        9.54 
 2 ,           9.59 
 2.02 ,        9.66 
 2.04 ,        9.73 
 2.06 ,        9.81 
 2.08 ,        9.9 
 2.1 ,         10 
 2.12 ,        10.11 
 2.14 ,        10.24 
 2.16 ,        10.38 
 2.18 ,        10.54 
 2.2 ,         10.72 
 2.22 ,        10.92 
 2.24 ,        11.13 
 2.26 ,        11.35 
 2.28 ,        11.59 
 2.3 ,         11.83 
 2.32 ,        12.08 
 2.34 ,        12.34 
 2.36 ,        12.6 
 2.38 ,        12.86 
 2.4 ,         13.13 
 2.42 ,        13.41 
 2.44 ,        13.69 
 2.46 ,        13.97 
 2.48 ,        14.26 
 2.5 ,         14.56 
 2.52 ,        14.85 
 2.54 ,        15.16 
 2.56 ,        15.47 
 2.58 ,        15.79 
 2.6 ,         16.11 
 2.62 ,        16.44 
 2.64 ,        16.78 
 2.66 ,        17.14 
 2.68 ,        17.5 
 2.7 ,         17.88 
 2.72 ,        18.27 
 2.74 ,        18.69 
 2.76 ,        19.11 
 2.78 ,        19.56 
 2.8 ,         20.02 
 2.82 ,        20.5 
 2.84 ,        21 
 2.86 ,        21.52 
 2.88 ,        22.06 
 2.9 ,         22.61 
 2.92 ,        23.18 
 2.94 ,        23.77 
 2.96 ,        24.37 
 2.98 ,        24.98 
 3 ,           25.61 
 3.02 ,        26.26 
 3.04 ,        26.92 
 3.06 ,        27.59 
 3.08 ,        28.28 
 3.1 ,         28.98 
 3.12 ,        29.69 
 3.14 ,        30.42 
 3.16 ,        31.15 
 3.18 ,        31.9 
 3.2 ,         32.66 
 3.22 ,        33.42 
 3.24 ,        34.2 
 3.26 ,        34.98 
 3.28 ,        35.77 
 3.3 ,         36.57 
 3.32 ,        37.38 
 3.34 ,        38.19 
 3.36 ,        39.01 
 3.38 ,        39.83 
 3.4 ,         40.66 
 3.42 ,        41.49 
 3.44 ,        42.31 
 3.46 ,        43.14 
 3.48 ,        43.97 
 3.5 ,         44.79 
 3.52 ,        45.61 
 3.54 ,        46.44 
 3.56 ,        47.26 
 3.58 ,        48.08 
 3.6 ,         48.91 
 3.62 ,        49.73 
 3.64 ,        50.56 
 3.66 ,        51.39 
 3.68 ,        52.22 
 3.7 ,         53.06 
 3.72 ,        53.9 
 3.74 ,        54.74 
 3.76 ,        55.59 
 3.78 ,        56.45 
 3.8 ,         57.3 
 3.82 ,        58.17 
 3.84 ,        59.04 
 3.86 ,        59.92 
 3.88 ,        60.8 
 3.9 ,         61.69 
 3.92 ,        62.59 
 3.94 ,        63.49 
 3.96 ,        64.4 
 3.98 ,        65.32 
 4 ,           66.24 
 4.02 ,        67.17 
 4.04 ,        68.12 
 4.06 ,        69.06 
 4.08 ,        70.02 
 4.1 ,         70.99 
 4.12 ,        71.97 
 4.14 ,        72.96 
 4.16 ,        73.96 
 4.18 ,        74.98 
 4.2 ,         76 
 4.22 ,        77.03 
 4.24 ,        78.06 
 4.26 ,        79.1 
 4.28 ,        80.15 
 4.3 ,         81.21 
 4.32 ,        82.27 
 4.34 ,        83.34 
 4.36 ,        84.42 
 4.38 ,        85.51 
 4.4 ,         86.6 
 4.42 ,        87.7 
 4.44 ,        88.81 
 4.46 ,        89.91 
 4.48 ,        91.02 
 4.5 ,         92.12 
 4.52 ,        93.22 
 4.54 ,        94.32 
 4.56 ,        95.42 
 4.58 ,        96.51 
 4.6 ,         97.6 
 4.62 ,        98.69 
 4.64 ,        99.78 
 4.66 ,        100.87 
 4.68 ,        101.96 
 4.7 ,         103.04 
 4.72 ,        104.11 
 4.74 ,        105.18 
 4.76 ,        106.24 
 4.78 ,        107.28 
 4.8 ,         108.32 
 4.82 ,        109.36 
 4.84 ,        110.38 
 4.86 ,        111.41 
 4.88 ,        112.43 
 4.9 ,         113.45 
 4.92 ,        114.47 
 4.94 ,        115.49 
 4.96 ,        116.5 
 4.98 ,        117.51 
 5 ,           118.51 
 5.02 ,        119.5 
 5.04 ,        120.48 
 5.06 ,        121.45 
 5.08 ,        122.42 
 5.1 ,         123.38 
 5.12 ,        124.34 
 5.14 ,        125.3 
 5.16 ,        126.26 
 5.18 ,        127.21 
 5.2 ,         128.16 
 5.22 ,        129.11 
 5.24 ,        130.06 
 5.26 ,        131.01 
 5.28 ,        131.95 
 5.3 ,         132.89 
 5.32 ,        133.82 
 5.34 ,        134.75 
 5.36 ,        135.68 
 5.38 ,        136.6 
 5.4 ,         137.53 
 5.42 ,        138.45 
 5.44 ,        139.37 
 5.46 ,        140.28 
 5.48 ,        141.2 
 5.5 ,         142.11 
 5.52 ,        143.01 
 5.54 ,        143.91 
 5.56 ,        144.8 
 5.58 ,        145.68 
 5.6 ,         146.55 
 5.62 ,        147.4 
 5.64 ,        148.25 
 5.66 ,        149.09 
 5.68 ,        149.91 
 5.7 ,         150.73 
 5.72 ,        151.54 
 5.74 ,        152.34 
 5.76 ,        153.12 
 5.78 ,        153.9 
 5.8 ,         154.67 
 5.82 ,        155.42 
 5.84 ,        156.15 
 5.86 ,        156.87 
 5.88 ,        157.58 
 5.9 ,         158.27 
 5.92 ,        158.94 
 5.94 ,        159.6 
 5.96 ,        160.24 
 5.98 ,        160.87 
 6 ,           161.48 
 6.02 ,        162.08 
 6.04 ,        162.65 
 6.06 ,        163.21 
 6.08 ,        163.75 
 6.1 ,         164.26 
 6.12 ,        164.76 
 6.14 ,        165.24 
 6.16 ,        165.69 
 6.18 ,        166.13 
 6.2 ,         166.54 
 6.22 ,        166.94 
 6.24 ,        167.32 
 6.26 ,        167.69 
 6.28 ,        168.04 
 6.3 ,         168.38 
 6.32 ,        168.7 
 6.34 ,        169 
 6.36 ,        169.29 
 6.38 ,        169.55 
 6.4 ,         169.8 
 6.42 ,        170.03 
 6.44 ,        170.25 
 6.46 ,        170.44 
 6.48 ,        170.61 
 6.5 ,         170.77 
 6.52 ,        170.91 
 6.54 ,        171.03 
 6.56 ,        171.13 
 6.58 ,        171.22 
 6.6 ,         171.29 
 6.62 ,        171.33 
 6.64 ,        171.36 
 6.66 ,        171.37 
 6.68 ,        171.37 
 6.7 ,         171.35 
 6.72 ,        171.32 
 6.74 ,        171.27 
 6.76 ,        171.22 
 6.78 ,        171.15 
 6.8 ,         171.08 
 6.82 ,        170.99 
 6.84 ,        170.89 
 6.86 ,        170.77 
 6.88 ,        170.63 
 6.9 ,         170.47 
 6.92 ,        170.28 
 6.94 ,        170.05 
 6.96 ,        169.79 
 6.98 ,        169.49 
 7 ,           169.16 
 7.02 ,        168.79 
 7.04 ,        168.39 
 7.06 ,        167.96 
 7.08 ,        167.51 
 7.1 ,         167.03 
 7.12 ,        166.53 
 7.14 ,        166.01 
 7.16 ,        165.48 
 7.18 ,        164.93 
 7.2 ,         164.36 
 7.22 ,        163.78 
 7.24 ,        163.17 
 7.26 ,        162.53 
 7.28 ,        161.87 
 7.3 ,         161.18 
 7.32 ,        160.46 
 7.34 ,        159.7 
 7.36 ,        158.91 
 7.38 ,        158.09 
 7.4 ,         157.23 
 7.42 ,        156.34 
 7.44 ,        155.42 
 7.46 ,        154.46 
 7.48 ,        153.47 
 7.5 ,         152.46 
 7.52 ,        151.42 
 7.54 ,        150.36 
 7.56 ,        149.28 
 7.58 ,        148.18 
 7.6 ,         147.07 
 7.62 ,        145.95 
 7.64 ,        144.82 
 7.66 ,        143.69 
 7.68 ,        142.55 
 7.7 ,         141.4 
 7.72 ,        140.25 
 7.74 ,        139.1 
 7.76 ,        137.94 
 7.78 ,        136.77 
 7.8 ,         135.6 
 7.82 ,        134.41 
 7.84 ,        133.22 
 7.86 ,        132.01 
 7.88 ,        130.79 
 7.9 ,         129.56 
 7.92 ,        128.31 
 7.94 ,        127.05 
 7.96 ,        125.78 
 7.98 ,        124.51 
 8 ,           123.23 
 8.02 ,        121.95 
 8.04 ,        120.68 
 8.06 ,        119.4 
 8.08 ,        118.11 
 8.1 ,         116.82 
 8.12 ,        115.52 
 8.14 ,        114.2 
 8.16 ,        112.87 
 8.18 ,        111.52 
 8.2 ,         110.16 
 8.22 ,        108.79 
 8.24 ,        107.4 
 8.26 ,        106.01 
 8.28 ,        104.6 
 8.3 ,         103.19 
 8.32 ,        101.76 
 8.34 ,        100.33 
 8.36 ,        98.88 
 8.38 ,        97.42 
 8.4 ,         95.95 
 8.42 ,        94.46 
 8.44 ,        92.97 
 8.46 ,        91.47 
 8.48 ,        89.97 
 8.5 ,         88.47 
 8.52 ,        86.97 
 8.54 ,        85.48 
 8.56 ,        84 
 8.58 ,        82.53 
 8.6 ,         81.06 
 8.62 ,        79.61 
 8.64 ,        78.17 
 8.66 ,        76.73 
 8.68 ,        75.3 
 8.7 ,         73.88 
 8.72 ,        72.47 
 8.74 ,        71.08 
 8.76 ,        69.69 
 8.78 ,        68.32 
 8.8 ,         66.97 
 8.82 ,        65.64 
 8.84 ,        64.32 
 8.86 ,        63.03 
 8.88 ,        61.76 
 8.9 ,         60.51 
 8.92 ,        59.28 
 8.94 ,        58.07 
 8.96 ,        56.88 
 8.98 ,        55.71 
 9 ,           54.57 
 9.02 ,        53.44 
 9.04 ,        52.34 
 9.06 ,        51.26 
 9.08 ,        50.2 
 9.1 ,         49.17 
 9.12 ,        48.15 
 9.14 ,        47.16 
 9.16 ,        46.18 
 9.18 ,        45.22 
 9.2 ,         44.28 
 9.22 ,        43.35 
 9.24 ,        42.43 
 9.26 ,        41.52 
 9.28 ,        40.62 
 9.3 ,         39.74 
 9.32 ,        38.87 
 9.34 ,        38.01 
 9.36 ,        37.16 
 9.38 ,        36.31 
 9.4 ,         35.47 
 9.42 ,        34.63 
 9.44 ,        33.8 
 9.46 ,        32.97 
 9.48 ,        32.16 
 9.5 ,         31.35 
 9.52 ,        30.55 
 9.54 ,        29.76 
 9.56 ,        28.97 
 9.58 ,        28.2 
 9.6 ,         27.42 
 9.62 ,        26.66 
 9.64 ,        25.89 
 9.66 ,        25.14 
 9.68 ,        24.39 
 9.7 ,         23.65 
 9.72 ,        22.92 
 9.74 ,        22.2 
 9.76 ,        21.5 
 9.78 ,        20.81 
 9.8 ,         20.13 
 9.82 ,        19.47 
 9.84 ,        18.81 
 9.86 ,        18.16 
 9.88 ,        17.52 
 9.9 ,         16.88 
 9.92 ,        16.26 
 9.94 ,        15.66 
 9.96 ,        15.06 
 9.98 ,        14.49 
 10 ,          13.93 
 10.02 ,       13.39 
 10.04 ,       12.88 
 10.06 ,       12.38 
 10.08 ,       11.9 
 10.1 ,        11.44 
 10.12 ,       11 
 10.14 ,       10.57 
 10.16 ,       10.16 
 10.18 ,       9.77 
 10.2 ,        9.39 
 10.22 ,       9.02 
 10.24 ,       8.68 
 10.26 ,       8.35 
 10.28 ,       8.04 
 10.3 ,        7.75 
 10.32 ,       7.47 
 10.34 ,       7.21 
 10.36 ,       6.96 
 10.38 ,       6.72 
 10.4 ,        6.5 
 10.42 ,       6.28 
 10.44 ,       6.07 
 10.46 ,       5.87 
 10.48 ,       5.68 
 10.5 ,        5.5 
 10.52 ,       5.33 
 10.54 ,       5.17 
 10.56 ,       5.02 
 10.58 ,       4.88 
 10.6 ,        4.75 
 10.62 ,       4.63 
 10.64 ,       4.51 
 10.66 ,       4.4 
 10.68 ,       4.3 
 10.7 ,        4.19 
 10.72 ,       4.09 
 10.74 ,       4 
 10.76 ,       3.9 
 10.78 ,       3.81 
 10.8 ,        3.72 
 10.82 ,       3.64 
 10.84 ,       3.56 
 10.86 ,       3.49 
 10.88 ,       3.42 
 10.9 ,        3.36 
 10.92 ,       3.31 
 10.94 ,       3.26 
 10.96 ,       3.22 
 10.98 ,       3.18 
 11 ,          3.15 
 11.02 ,       3.12 
 11.04 ,       3.1 
 11.06 ,       3.1 
 11.08 ,       3.1 
 11.1 ,        3.11 
 11.12 ,       3.14 
 11.14 ,       3.17 
 11.16 ,       3.22 
 11.18 ,       3.27 
 11.2 ,        3.33 
 11.22 ,       3.39 
 11.24 ,       3.47 
 11.26 ,       3.54 
 11.28 ,       3.63 
 11.3 ,        3.73 
 11.32 ,       3.84 
 11.34 ,       3.96 
 11.36 ,       4.1 
 11.38 ,       4.26 
 11.4 ,        4.44 
 11.42 ,       4.64 
 11.44 ,       4.85 
 11.46 ,       5.07 
 11.48 ,       5.31 
 11.5 ,        5.56 
 11.52 ,       5.81 
 11.54 ,       6.07 
 11.56 ,       6.33 
 11.58 ,       6.6 
 11.6 ,        6.87 
 11.62 ,       7.14 
 11.64 ,       7.43 
 11.66 ,       7.71 
 11.68 ,       8 
 11.7 ,        8.3 
 11.72 ,       8.6 
 11.74 ,       8.91 
 11.76 ,       9.22 
 11.78 ,       9.54 
 11.8 ,        9.86 
 11.82 ,       10.19 
 11.84 ,       10.53 
 11.86 ,       10.88 
 11.88 ,       11.25 
 11.9 ,        11.63 
 11.92 ,       12.02 
 11.94 ,       12.44 
 11.96 ,       12.86 
 11.98 ,       13.31 
 12 ,          13.77 
 12.02 ,       14.25 
 12.04 ,       14.74 
 12.06 ,       15.26 
 12.08 ,       15.79 
 12.1 ,        16.35 
 12.12 ,       16.91 
 12.14 ,       17.5 
 12.16 ,       18.1 
 12.18 ,       18.72 
 12.2 ,        19.35 
 12.22 ,       19.99 
 12.24 ,       20.65 
 12.26 ,       21.33 
 12.28 ,       22.01 
 12.3 ,        22.71 
 12.32 ,       23.42 
 12.34 ,       24.15 
 12.36 ,       24.89 
 12.38 ,       25.63 
 12.4 ,        26.39 
 12.42 ,       27.16 
 12.44 ,       27.94 
 12.46 ,       28.73 
 12.48 ,       29.52 
 12.5 ,        30.32 
 12.52 ,       31.13 
 12.54 ,       31.95 
 12.56 ,       32.77 
 12.58 ,       33.6 
 12.6 ,        34.43 
 12.62 ,       35.26 
 12.64 ,       36.09 
 12.66 ,       36.92 
 12.68 ,       37.75 
 12.7 ,        38.58 
 12.72 ,       39.4 
 12.74 ,       40.23 
 12.76 ,       41.06 
 12.78 ,       41.88 
 12.8 ,        42.71 
 12.82 ,       43.54 
 12.84 ,       44.37 
 12.86 ,       45.21 
 12.88 ,       46.04 
 12.9 ,        46.88 
 12.92 ,       47.73 
 12.94 ,       48.58 
 12.96 ,       49.43 
 12.98 ,       50.29 
 13 ,          51.15 
 13.02 ,       52.02 
 13.04 ,       52.9 
 13.06 ,       53.78 
 13.08 ,       54.66 
 13.1 ,        55.56 
 13.12 ,       56.46 
 13.14 ,       57.36 
 13.16 ,       58.27 
 13.18 ,       59.19 
 13.2 ,        60.12 
 13.22 ,       61.05 
 13.24 ,       61.99 
 13.26 ,       62.94 
 13.28 ,       63.9 
 13.3 ,        64.88 
 13.32 ,       65.86 
 13.34 ,       66.85 
 13.36 ,       67.86 
 13.38 ,       68.88 
 13.4 ,        69.9 
 13.42 ,       70.94 
 13.44 ,       71.98 
 13.46 ,       73.02 
 13.48 ,       74.07 
 13.5 ,        75.13 
 13.52 ,       76.2 
 13.54 ,       77.28 
 13.56 ,       78.36 
 13.58 ,       79.45 
 13.6 ,        80.55 
 13.62 ,       81.66 
 13.64 ,       82.77 
 13.66 ,       83.88 
 13.68 ,       84.99 
 13.7 ,        86.1 
 13.72 ,       87.21 
 13.74 ,       88.32 
 13.76 ,       89.42 
 13.78 ,       90.52 
 13.8 ,        91.62 
 13.82 ,       92.73 
 13.84 ,       93.83 
 13.86 ,       94.93 
 13.88 ,       96.02 
 13.9 ,        97.11 
 13.92 ,       98.2 
 13.94 ,       99.27 
 13.96 ,       100.34 
 13.98 ,       101.39 
 14 ,          102.44 
 14.02 ,       103.48 
 14.04 ,       104.51 
 14.06 ,       105.55 
 14.08 ,       106.58 
 14.1 ,        107.61 
 14.12 ,       108.64 
 14.14 ,       109.67 
 14.16 ,       110.69 
 14.18 ,       111.71 
 14.2 ,        112.71 
 14.22 ,       113.71 
 14.24 ,       114.7 
 14.26 ,       115.69 
 14.28 ,       116.67 
 14.3 ,        117.64 
 14.32 ,       118.61 
 14.34 ,       119.58 
 14.36 ,       120.54 
 14.38 ,       121.51 
 14.4 ,        122.47 
 14.42 ,       123.43 
 14.44 ,       124.39 
 14.46 ,       125.35 
 14.48 ,       126.3 
 14.5 ,        127.24 
 14.52 ,       128.19 
 14.54 ,       129.12 
 14.56 ,       130.06 
 14.58 ,       130.99 
 14.6 ,        131.92 
 14.62 ,       132.85 
 14.64 ,       133.78 
 14.66 ,       134.7 
 14.68 ,       135.63 
 14.7 ,        136.55 
 14.72 ,       137.47 
 14.74 ,       138.38 
 14.76 ,       139.28 
 14.78 ,       140.17 
 14.8 ,        141.05 
 14.82 ,       141.91 
 14.84 ,       142.77 
 14.86 ,       143.62 
 14.88 ,       144.46 
 14.9 ,        145.28 
 14.92 ,       146.1 
 14.94 ,       146.91 
 14.96 ,       147.71 
 14.98 ,       148.5 
 15 ,          149.28 
 15.02 ,       150.04 
 15.04 ,       150.79 
 15.06 ,       151.52 
 15.08 ,       152.23 
 15.1 ,        152.93 
 15.12 ,       153.62 
 15.14 ,       154.29 
 15.16 ,       154.95 
 15.18 ,       155.59 
 15.2 ,        156.21 
 15.22 ,       156.82 
 15.24 ,       157.42 
 15.26 ,       157.99 
 15.28 ,       158.54 
 15.3 ,        159.08 
 15.32 ,       159.59 
 15.34 ,       160.08 
 15.36 ,       160.54 
 15.38 ,       160.99 
 15.4 ,        161.42 
 15.42 ,       161.83 
 15.44 ,       162.23 
 15.46 ,       162.61 
 15.48 ,       162.97 
 15.5 ,        163.32 
 15.52 ,       163.66 
 15.54 ,       163.98 
 15.56 ,       164.28 
 15.58 ,       164.56 
 15.6 ,        164.82 
 15.62 ,       165.06 
 15.64 ,       165.29 
 15.66 ,       165.5 
 15.68 ,       165.68 
 15.7 ,        165.86 
 15.72 ,       166.01 
 15.74 ,       166.15 
 15.76 ,       166.27 
 15.78 ,       166.37 
 15.8 ,        166.45 
 15.82 ,       166.52 
 15.84 ,       166.56 
 15.86 ,       166.58 
 15.88 ,       166.59 
 15.9 ,        166.58 
 15.92 ,       166.56 
 15.94 ,       166.52 
 15.96 ,       166.48 
 15.98 ,       166.42 
 16 ,          166.35 
 16.02 ,       166.28 
 16.04 ,       166.19 
 16.06 ,       166.09 
 16.08 ,       165.97 
 16.1 ,        165.82 
 16.12 ,       165.64 
 16.14 ,       165.44 
 16.16 ,       165.2 
 16.18 ,       164.92 
 16.2 ,        164.61 
 16.22 ,       164.26 
 16.24 ,       163.88 
 16.26 ,       163.47 
 16.28 ,       163.03 
 16.3 ,        162.56 
 16.32 ,       162.08 
 16.34 ,       161.58 
 16.36 ,       161.06 
 16.38 ,       160.52 
 16.4 ,        159.97 
 16.42 ,       159.4 
 16.44 ,       158.8 
 16.46 ,       158.18 
 16.48 ,       157.54 
 16.5 ,        156.87 
 16.52 ,       156.16 
 16.54 ,       155.43 
 16.56 ,       154.66 
 16.58 ,       153.86 
 16.6 ,        153.02 
 16.62 ,       152.16 
 16.64 ,       151.25 
 16.66 ,       150.32 
 16.68 ,       149.35 
 16.7 ,        148.35 
 16.72 ,       147.33 
 16.74 ,       146.28 
 16.76 ,       145.21 
 16.78 ,       144.13 
 16.8 ,        143.03 
 16.82 ,       141.92 
 16.84 ,       140.8 
 16.86 ,       139.67 
 16.88 ,       138.54 
 16.9 ,        137.41 
 16.92 ,       136.26 
 16.94 ,       135.12 
 16.96 ,       133.97 
 16.98 ,       132.82 
 17 ,          131.65 
 17.02 ,       130.48 
 17.04 ,       129.3 
 17.06 ,       128.11 
 17.08 ,       126.9 
 17.1 ,        125.68 
 17.12 ,       124.44 
 17.14 ,       123.19 
 17.16 ,       121.93 
 17.18 ,       120.66 
 17.2 ,        119.39 
 17.22 ,       118.13 
 17.24 ,       116.86 
 17.26 ,       115.59 
 17.28 ,       114.31 
 17.3 ,        113.03 
 17.32 ,       111.74 
 17.34 ,       110.44 
 17.36 ,       109.12 
 17.38 ,       107.79 
 17.4 ,        106.45 
 17.42 ,       105.09 
 17.44 ,       103.72 
 17.46 ,       102.35 
 17.48 ,       100.96 
 17.5 ,        99.57 
 17.52 ,       98.16 
 17.54 ,       96.74 
 17.56 ,       95.31 
 17.58 ,       93.86 
 17.6 ,        92.41 
 17.62 ,       90.94 
 17.64 ,       89.46 
 17.66 ,       87.97 
 17.68 ,       86.48 
 17.7 ,        84.99 
 17.72 ,       83.5 
 17.74 ,       82.02 
 17.76 ,       80.55 
 17.78 ,       79.09 
 17.8 ,        77.63 
 17.82 ,       76.18 
 17.84 ,       74.74 
 17.86 ,       73.3 
 17.88 ,       71.88 
 17.9 ,        70.46 
 17.92 ,       69.05 
 17.94 ,       67.66 
 17.96 ,       66.28 
 17.98 ,       64.91 
 18 ,          63.56 
 18.02 ,       62.22 
 18.04 ,       60.91 
 18.06 ,       59.61 
 18.08 ,       58.34 
 18.1 ,        57.08 
 18.12 ,       55.85 
 18.14 ,       54.63 
 18.16 ,       53.44 
 18.18 ,       52.27 
 18.2 ,        51.13 
 18.22 ,       50.01 
 18.24 ,       48.9 
 18.26 ,       47.82 
 18.28 ,       46.76 
 18.3 ,        45.73 
 18.32 ,       44.71 
 18.34 ,       43.72 
 18.36 ,       42.74 
 18.38 ,       41.78 
 18.4 ,        40.83 
 18.42 ,       39.91 
 18.44 ,       38.99 
 18.46 ,       38.09 
 18.48 ,       37.2 
 18.5 ,        36.33 
 18.52 ,       35.46 
 18.54 ,       34.61 
 18.56 ,       33.77 
 18.58 ,       32.93 
 18.6 ,        32.1 
 18.62 ,       31.27 
 18.64 ,       30.45 
 18.66 ,       29.63 
 18.68 ,       28.83 
 18.7 ,        28.03 
 18.72 ,       27.24 
 18.74 ,       26.46 
 18.76 ,       25.69 
 18.78 ,       24.92 
 18.8 ,        24.16 
 18.82 ,       23.4 
 18.84 ,       22.65 
 18.86 ,       21.9 
 18.88 ,       21.15 
 18.9 ,        20.42 
 18.92 ,       19.69 
 18.94 ,       18.98 
 18.96 ,       18.28 
 18.98 ,       17.6 
 19 ,          16.93 
 19.02 ,       16.27 
 19.04 ,       15.62 
 19.06 ,       14.97 
 19.08 ,       14.34 
 19.1 ,        13.71 
 19.12 ,       13.09 
 19.14 ,       12.49 
 19.16 ,       11.89 
 19.18 ,       11.32 
 19.2 ,        10.76 
 19.22 ,       10.22 
 19.24 ,       9.7 
 19.26 ,       9.2 
 19.28 ,       8.72 
 19.3 ,        8.26 
 19.32 ,       7.81 
 19.34 ,       7.39 
 19.36 ,       6.97 
 19.38 ,       6.58 
 19.4 ,        6.2 
 19.42 ,       5.83 
 19.44 ,       5.49 
 19.46 ,       5.16 
 19.48 ,       4.85 
 19.5 ,        4.55 
 19.52 ,       4.28 
 19.54 ,       4.02 
 19.56 ,       3.77 
 19.58 ,       3.54 
 19.6 ,        3.32 
 19.62 ,       3.11 
 19.64 ,       2.9 
 19.66 ,       2.71 
 19.68 ,       2.52 
 19.7 ,        2.34 
 19.72 ,       2.17 
 19.74 ,       2.02 
 19.76 ,       1.87 
 19.78 ,       1.73 
 19.8 ,        1.61 
 19.82 ,       1.49 
 19.84 ,       1.38 
 19.86 ,       1.28 
 19.88 ,       1.18 
 19.9 ,        1.09 
 19.92 ,       1 
 19.94 ,       .91 
 19.96 ,       .82 
 19.98 ,       .74 
 20 ,          .66 
 20.02 ,       .58 
 20.04 ,       .51 
 20.06 ,       .45 
 20.08 ,       .39 
 20.1 ,        .34 
 20.12 ,       .29 
 20.14 ,       .25 
 20.16 ,       .21 
 20.18 ,       .18 
 20.2 ,        .15 
 20.22 ,       .13 
 20.24 ,       .11 
 20.26 ,       .1 
 20.28 ,       .11 
 20.3 ,        .12 
 20.32 ,       .15 
 20.34 ,       .19 
 20.36 ,       .23 
 20.38 ,       .29 
 20.4 ,        .36 
 20.42 ,       .43 
 20.44 ,       .51 
 20.46 ,       .59 
 20.48 ,       .68 
 20.5 ,        .78 
 20.52 ,       .89 
 20.54 ,       1.01 
 20.56 ,       1.15 
 20.58 ,       1.31 
 20.6 ,        1.49 
 20.62 ,       1.68 
 20.64 ,       1.89 
 20.66 ,       2.11 
 20.68 ,       2.35 
 20.7 ,        2.6 
 20.72 ,       2.85 
 20.74 ,       3.12 
 20.76 ,       3.39 
 20.78 ,       3.66 
 20.8 ,        3.94 
 20.82 ,       4.22 
 20.84 ,       4.5 
 20.86 ,       4.8 
 20.88 ,       5.09 
 20.9 ,        5.4 
 20.92 ,       5.71 
 20.94 ,       6.02 
 20.96 ,       6.34 
 20.98 ,       6.67 
 21 ,          7 
 21.02 ,       7.34 
 21.04 ,       7.69 
 21.06 ,       8.04 
 21.08 ,       8.41 
 21.1 ,        8.79 
 21.12 ,       9.19 
 21.14 ,       9.6 
 21.16 ,       10.03 
 21.18 ,       10.47 
 21.2 ,        10.93 
 21.22 ,       11.4 
 21.24 ,       11.89 
 21.26 ,       12.41 
 21.28 ,       12.94 
 21.3 ,        13.48 
 21.32 ,       14.05 
 21.34 ,       14.63 
 21.36 ,       15.23 
 21.38 ,       15.84 
 21.4 ,        16.47 
 21.42 ,       17.11 
 21.44 ,       17.77 
 21.46 ,       18.44 
 21.48 ,       19.13 
 21.5 ,        19.83 
 21.52 ,       20.55 
 21.54 ,       21.28 
 21.56 ,       22.02 
 21.58 ,       22.77 
 21.6 ,        23.53 
 21.62 ,       24.3 
 21.64 ,       25.08 
 21.66 ,       25.86 
 21.68 ,       26.66 
 21.7 ,        27.46 
 21.72 ,       28.27 
 21.74 ,       29.1 
 21.76 ,       29.92 
 21.78 ,       30.76 
 21.8 ,        31.59 
 21.82 ,       32.43 
 21.84 ,       33.27 
 21.86 ,       34.11 
 21.88 ,       34.95 
 21.9 ,        35.79 
 21.92 ,       36.63 
 21.94 ,       37.46 
 21.96 ,       38.3 
 21.98 ,       39.13 
 22 ,          39.97 
 22.02 ,       40.81 
 22.04 ,       41.65 
 22.06 ,       42.49 
 22.08 ,       43.34 
 22.1 ,        44.19 
 22.12 ,       45.04 
 22.14 ,       45.89 
 22.16 ,       46.75 
 22.18 ,       47.61 
 22.2 ,        48.48 
 22.22 ,       49.35 
 22.24 ,       50.23 
 22.26 ,       51.11 
 22.28 ,       52 
 22.3 ,        52.89 
 22.32 ,       53.8 
 22.34 ,       54.71 
 22.36 ,       55.62 
 22.38 ,       56.54 
 22.4 ,        57.47 
 22.42 ,       58.41 
 22.44 ,       59.35 
 22.46 ,       60.3 
 22.48 ,       61.26 
 22.5 ,        62.23 
 22.52 ,       63.21 
 22.54 ,       64.21 
 22.56 ,       65.21 
 22.58 ,       66.23 
 22.6 ,        67.25 
 22.62 ,       68.29 
 22.64 ,       69.33 
 22.66 ,       70.38 
 22.68 ,       71.43 
 22.7 ,        72.49 
 22.72 ,       73.55 
 22.74 ,       74.62 
 22.76 ,       75.7 
 22.78 ,       76.79 
 22.8 ,        77.89 
 22.82 ,       78.99 
 22.84 ,       80.1 
 22.86 ,       81.22 
 22.88 ,       82.34 
 22.9 ,        83.46 
 22.92 ,       84.57 
 22.94 ,       85.69 
 22.96 ,       86.8 
 22.98 ,       87.91 
 23 ,          89.01 
 23.02 ,       90.12 
 23.04 ,       91.22 
 23.06 ,       92.33 
 23.08 ,       93.43 
 23.1 ,        94.53 
 23.12 ,       95.62 
 23.14 ,       96.71 
 23.16 ,       97.79 
 23.18 ,       98.85 
 23.2 ,        99.91 
 23.22 ,       100.96 
 23.24 ,       102 
 23.26 ,       103.04 
 23.28 ,       104.07 
 23.3 ,        105.1 
 23.32 ,       106.14 
 23.34 ,       107.17 
 23.36 ,       108.2 
 23.38 ,       109.22 
 23.4 ,        110.25 
 23.42 ,       111.26 
 23.44 ,       112.26 
 23.46 ,       113.26 
 23.48 ,       114.25 
 23.5 ,        115.23 
 23.52 ,       116.21 
 23.54 ,       117.18 
 23.56 ,       118.15 
 23.58 ,       119.12 
 23.6 ,        120.08 
 23.62 ,       121.04 
 23.64 ,       122.01 
 23.66 ,       122.97 
 23.68 ,       123.92 
 23.7 ,        124.88 
 23.72 ,       125.82 
 23.74 ,       126.77 
 23.76 ,       127.71 
 23.78 ,       128.64 
 23.8 ,        129.57 
 23.82 ,       130.5 
 23.84 ,       131.43 
 23.86 ,       132.36 
 23.88 ,       133.29 
 23.9 ,        134.22 
 23.92 ,       135.14 
 23.94 ,       136.06 
 23.96 ,       136.97 
 23.98 ,       137.87 
 24 ,          138.76 
 24.02 ,       139.63 
 24.04 ,       140.5 
 24.06 ,       141.35 
 24.08 ,       142.2 
 24.1 ,        143.03 
 24.12 ,       143.85 
 24.14 ,       144.67 
 24.16 ,       145.47 
 24.18 ,       146.27 
 24.2 ,        147.05 
 24.22 ,       147.82 
 24.24 ,       148.58 
 24.26 ,       149.33 
 24.28 ,       150.06 
 24.3 ,        150.78 
 24.32 ,       151.48 
 24.34 ,       152.16 
 24.36 ,       152.83 
 24.38 ,       153.48 
 24.4 ,        154.12 
 24.42 ,       154.74 
 24.44 ,       155.35 
 24.46 ,       155.93 
 24.48 ,       156.5 
 24.5 ,        157.05 
 24.52 ,       157.58 
 24.54 ,       158.09 
 24.56 ,       158.57 
 24.58 ,       159.04 
 24.6 ,        159.48 
 24.62 ,       159.9 
 24.64 ,       160.31 
 24.66 ,       160.7 
 24.68 ,       161.08 
 24.7 ,        161.44 
 24.72 ,       161.78 
 24.74 ,       162.12 
 24.76 ,       162.43 
 24.78 ,       162.73 
 24.8 ,        163.01 
 24.82 ,       163.27 
 24.84 ,       163.51 
 24.86 ,       163.74 
 24.88 ,       163.94 
 24.9 ,        164.13 
 24.92 ,       164.29 
 24.94 ,       164.44 
 24.96 ,       164.57 
 24.98 ,       164.69 
 25 ,          164.78 
 25.02 ,       164.86 
 25.04 ,       164.91 
 25.06 ,       164.95 
 25.08 ,       164.97 
 25.1 ,        164.97 
 25.12 ,       164.96 
 25.14 ,       164.94 
 25.16 ,       164.91 
 25.18 ,       164.87 
 25.2 ,        164.81 
 25.22 ,       164.75 
 25.24 ,       164.67 
 25.26 ,       164.58 
 25.28 ,       164.48 
 25.3 ,        164.35 
 25.32 ,       164.19 
 25.34 ,       164 
 25.36 ,       163.78 
 25.38 ,       163.52 
 25.4 ,        163.23 
 25.42 ,       162.9 
 25.44 ,       162.54 
 25.46 ,       162.14 
 25.48 ,       161.72 
 25.5 ,        161.27 
 25.52 ,       160.8 
 25.54 ,       160.31 
 25.56 ,       159.81 
 25.58 ,       159.29 
 25.6 ,        158.75 
 25.62 ,       158.2 
 25.64 ,       157.62 
 25.66 ,       157.02 
 25.68 ,       156.39 
 25.7 ,        155.74 
 25.72 ,       155.06 
 25.74 ,       154.34 
 25.76 ,       153.59 
 25.78 ,       152.81 
 25.8 ,        151.99 
 25.82 ,       151.14 
 25.84 ,       150.26 
 25.86 ,       149.34 
 25.88 ,       148.39 
 25.9 ,        147.42 
 25.92 ,       146.41 
 25.94 ,       145.38 
 25.96 ,       144.33 
 25.98 ,       143.25 
 26 ,          142.17 
 26.02 ,       141.07 
 26.04 ,       139.97 
 26.06 ,       138.85 
 26.08 ,       137.73 
 26.1 ,        136.6 
 26.12 ,       135.47 
 26.14 ,       134.33 
 26.16 ,       133.19 
 26.18 ,       132.04 
 26.2 ,        130.88 
 26.22 ,       129.72 
 26.24 ,       128.55 
 26.26 ,       127.36 
 26.28 ,       126.17 
 26.3 ,        124.95 
 26.32 ,       123.73 
 26.34 ,       122.49 
 26.36 ,       121.23 
 26.38 ,       119.97 
 26.4 ,        118.71 
 26.42 ,       117.45 
 26.44 ,       116.18 
 26.46 ,       114.92 
 26.48 ,       113.65 
 26.5 ,        112.38 
 26.52 ,       111.11 
 26.54 ,       109.82 
 26.56 ,       108.53 
 26.58 ,       107.21 
 26.6 ,        105.89 
 26.62 ,       104.54 
 26.64 ,       103.19 
 26.66 ,       101.82 
 26.68 ,       100.44 
 26.7 ,        99.05 
 26.72 ,       97.65 
 26.74 ,       96.25 
 26.76 ,       94.83 
 26.78 ,       93.39 
 26.8 ,        91.95 
 26.82 ,       90.49 
 26.84 ,       89.03 
 26.86 ,       87.55 
 26.88 ,       86.07 
 26.9 ,        84.58 
 26.92 ,       83.1 
 26.94 ,       81.63 
 26.96 ,       80.16 
 26.98 ,       78.69 
 27 ,          77.24 
 27.02 ,       75.8 
 27.04 ,       74.36 
 27.06 ,       72.94 
 27.08 ,       71.52 
 27.1 ,        70.11 
 27.12 ,       68.7 
 27.14 ,       67.31 
 27.16 ,       65.92 
 27.18 ,       64.55 
 27.2 ,        63.2 
 27.22 ,       61.86 
 27.24 ,       60.54 
 27.26 ,       59.24 
 27.28 ,       57.96 
 27.3 ,        56.7 
 27.32 ,       55.46 
 27.34 ,       54.24 
 27.36 ,       53.05 
 27.38 ,       51.87 
 27.4 ,        50.72 
 27.42 ,       49.6 
 27.44 ,       48.49 
 27.46 ,       47.41 
 27.48 ,       46.35 
 27.5 ,        45.31 
 27.52 ,       44.29 
 27.54 ,       43.3 
 27.56 ,       42.32 
 27.58 ,       41.36 
 27.6 ,        40.42 
 27.62 ,       39.49 
 27.64 ,       38.57 
 27.66 ,       37.67 
 27.68 ,       36.78 
 27.7 ,        35.91 
 27.72 ,       35.04 
 27.74 ,       34.19 
 27.76 ,       33.35 
 27.78 ,       32.52 
 27.8 ,        31.69 
 27.82 ,       30.87 
 27.84 ,       30.06 
 27.86 ,       29.25 
 27.88 ,       28.45 
 27.9 ,        27.65 
 27.92 ,       26.87 
 27.94 ,       26.09 
 27.96 ,       25.32 
 27.98 ,       24.56 
 28 ,          23.81 
 28.02 ,       23.06 
 28.04 ,       22.31 
 28.06 ,       21.57 
 28.08 ,       20.83 
 28.1 ,        20.1 
 28.12 ,       19.38 
 28.14 ,       18.66 
 28.16 ,       17.96 
 28.18 ,       17.28 
 28.2 ,        16.6 
 28.22 ,       15.94 
 28.24 ,       15.29 
 28.26 ,       14.65 
 28.28 ,       14.01 
 28.3 ,        13.39 
 28.32 ,       12.78 
 28.34 ,       12.17 
 28.36 ,       11.58 
 28.38 ,       11.01 
 28.4 ,        10.45 
 28.42 ,       9.91 
 28.44 ,       9.38 
 28.46 ,       8.88 
 28.48 ,       8.4 
 28.5 ,        7.93 
 28.52 ,       7.49 
 28.54 ,       7.06 
 28.56 ,       6.65 
 28.58 ,       6.25 
 28.6 ,        5.87 
 28.62 ,       5.5 
 28.64 ,       5.15 
 28.66 ,       4.82 
 28.68 ,       4.51 
 28.7 ,        4.21 
 28.72 ,       3.93 
 28.74 ,       3.67 
 28.76 ,       3.42 
 28.78 ,       3.19 
 28.8 ,        2.97 
 28.82 ,       2.76 
 28.84 ,       2.57 
 28.86 ,       2.38 
 28.88 ,       2.2 
 28.9 ,        2.03 
 28.92 ,       1.86 
 28.94 ,       1.71 
 28.96 ,       1.56 
 28.98 ,       1.43 
 29 ,          1.31 
 29.02 ,       1.19 
 29.04 ,       1.09 
 29.06 ,       .99 
 29.08 ,       .9 
 29.1 ,        .81 
 29.12 ,       .73 
 29.14 ,       .64 
 29.16 ,       .56 
 29.18 ,       .49 
 29.2 ,        .41 
 29.22 ,       .34 
 29.24 ,       .28 
 29.26 ,       .22 
 29.28 ,       .17 
 29.3 ,        .12 
 29.32 ,       .08 
 29.34 ,       .04 
 29.36 ,       .01 
 29.38 ,      -.01 
 29.4 ,       -.03 
 29.42 ,      -.05 
 29.44 ,      -.06 
 29.46 ,      -.06 
 29.48 ,      -.05 
 29.5 ,       -.04 
 29.52 ,      -.01 
 29.54 ,       .03 
 29.56 ,       .07 
 29.58 ,       .13 
 29.6 ,        .2 
 29.62 ,       .27 
 29.64 ,       .36 
 29.66 ,       .45 
 29.68 ,       .54 
 29.7 ,        .64 
 29.72 ,       .76 
 29.74 ,       .88 
 29.76 ,       1.02 
 29.78 ,       1.18 
 29.8 ,        1.35 
 29.82 ,       1.55 
 29.84 ,       1.75 
 29.86 ,       1.98 
 29.88 ,       2.22 
 29.9 ,        2.47 
 29.92 ,       2.73 
 29.94 ,       3 
 29.96 ,       3.27 
 29.98 ,       3.55 
 30 ,          3.83 
 30.02 ,       4.12 
 30.04 ,       4.41 
 30.06 ,       4.71 
 30.08 ,       5.02 
 30.1 ,        5.32 
 30.12 ,       5.64 
 30.14 ,       5.95 
 30.16 ,       6.28 
 30.18 ,       6.6 
 30.2 ,        6.94 
 30.22 ,       7.28 
 30.24 ,       7.62 
 30.26 ,       7.98 
 30.28 ,       8.35 
 30.3 ,        8.73 
 30.32 ,       9.13 
 30.34 ,       9.53 
 30.36 ,       9.96 
 30.38 ,       10.4 
 30.4 ,        10.86 
 30.42 ,       11.33 
 30.44 ,       11.82 
 30.46 ,       12.33 
 30.48 ,       12.86 
 30.5 ,        13.41 
 30.52 ,       13.98 
 30.54 ,       14.56 
 30.56 ,       15.16 
 30.58 ,       15.77 
 30.6 ,        16.4 
 30.62 ,       17.05 
 30.64 ,       17.71 
 30.66 ,       18.38 
 30.68 ,       19.07 
 30.7 ,        19.77 
 30.72 ,       20.48 
 30.74 ,       21.21 
 30.76 ,       21.95 
 30.78 ,       22.7 
 30.8 ,        23.46 
 30.82 ,       24.24 
 30.84 ,       25.02 
 30.86 ,       25.81 
 30.88 ,       26.61 
 30.9 ,        27.42 
 30.92 ,       28.24 
 30.94 ,       29.06 
 30.96 ,       29.89 
 30.98 ,       30.73 
 31 ,          31.57 
 31.02 ,       32.41 
 31.04 ,       33.25 
 31.06 ,       34.1 
 31.08 ,       34.94 
 31.1 ,        35.79 
 31.12 ,       36.63 
 31.14 ,       37.47 
 31.16 ,       38.31 
 31.18 ,       39.15 
 31.2 ,        39.99 
 31.22 ,       40.84 
 31.24 ,       41.68 
 31.26 ,       42.52 
 31.28 ,       43.37 
 31.3 ,        44.22 
 31.32 ,       45.07 
 31.34 ,       45.93 
 31.36 ,       46.79 
 31.38 ,       47.65 
 31.4 ,        48.53 
 31.42 ,       49.4 
 31.44 ,       50.28 
 31.46 ,       51.17 
 31.48 ,       52.06 
 31.5 ,        52.96 
 31.52 ,       53.87 
 31.54 ,       54.78 
 31.56 ,       55.69 
 31.58 ,       56.62 
 31.6 ,        57.55 
 31.62 ,       58.48 
 31.64 ,       59.43 
 31.66 ,       60.38 
 31.68 ,       61.35 
 31.7 ,        62.32 
 31.72 ,       63.3 
 31.74 ,       64.29 
 31.76 ,       65.3 
 31.78 ,       66.31 
 31.8 ,        67.34 
 31.82 ,       68.37 
 31.84 ,       69.41 
 31.86 ,       70.46 
 31.88 ,       71.52 
 31.9 ,        72.58 
 31.92 ,       73.65 
 31.94 ,       74.73 
 31.96 ,       75.81 
 31.98 ,       76.91 
 32 ,          78.01 
 32.02 ,       79.13 
 32.04 ,       80.24 
 32.06 ,       81.36 
 32.08 ,       82.49 
 32.1 ,        83.61 
 32.12 ,       84.73 
 32.14 ,       85.85 
 32.16 ,       86.96 
 32.18 ,       88.07 
 32.2 ,        89.19 
 32.22 ,       90.3 
 32.24 ,       91.41 
 32.26 ,       92.53 
 32.28 ,       93.63 
 32.3 ,        94.74 
 32.32 ,       95.84 
 32.34 ,       96.93 
 32.36 ,       98.01 
 32.38 ,       99.08 
 32.4 ,        100.15 
 32.42 ,       101.21 
 32.44 ,       102.26 
 32.46 ,       103.31 
 32.48 ,       104.36 
 32.5 ,        105.41 
 32.52 ,       106.45 
 32.54 ,       107.49 
 32.56 ,       108.53 
 32.58 ,       109.55 
 32.6 ,        110.58 
 32.62 ,       111.59 
 32.64 ,       112.6 
 32.66 ,       113.6 
 32.68 ,       114.59 
 32.7 ,        115.57 
 32.72 ,       116.56 
 32.74 ,       117.53 
 32.76 ,       118.51 
 32.78 ,       119.48 
 32.8 ,        120.46 
 32.82 ,       121.43 
 32.84 ,       122.39 
 32.86 ,       123.36 
 32.88 ,       124.32 
 32.9 ,        125.27 
 32.92 ,       126.22 
 32.94 ,       127.17 
 32.96 ,       128.12 
 32.98 ,       129.06 
 33 ,          130 
 33.02 ,       130.94 
 33.04 ,       131.88 
 33.06 ,       132.81 
 33.08 ,       133.74 
 33.1 ,        134.67 
 33.12 ,       135.6 
 33.14 ,       136.52 
 33.16 ,       137.43 
 33.18 ,       138.33 
 33.2 ,        139.22 
 33.22 ,       140.1 
 33.24 ,       140.97 
 33.26 ,       141.84 
 33.28 ,       142.69 
 33.3 ,        143.53 
 33.32 ,       144.37 
 33.34 ,       145.19 
 33.36 ,       146.01 
 33.38 ,       146.82 
 33.4 ,        147.61 
 33.42 ,       148.39 
 33.44 ,       149.15 
 33.46 ,       149.91 
 33.48 ,       150.64 
 33.5 ,        151.37 
 33.52 ,       152.07 
 33.54 ,       152.77 
 33.56 ,       153.44 
 33.58 ,       154.11 
 33.6 ,        154.75 
 33.62 ,       155.39 
 33.64 ,       156 
 33.66 ,       156.59 
 33.68 ,       157.17 
 33.7 ,        157.73 
 33.72 ,       158.26 
 33.74 ,       158.77 
 33.76 ,       159.27 
 33.78 ,       159.74 
 33.8 ,        160.19 
 33.82 ,       160.63 
 33.84 ,       161.05 
 33.86 ,       161.45 
 33.88 ,       161.84 
 33.9 ,        162.21 
 33.92 ,       162.56 
 33.94 ,       162.9 
 33.96 ,       163.22 
 33.98 ,       163.52 
 34 ,          163.81 
 34.02 ,       164.07 
 34.04 ,       164.32 
 34.06 ,       164.54 
 34.08 ,       164.75 
 34.1 ,        164.94 
 34.12 ,       165.12 
 34.14 ,       165.28 
 34.16 ,       165.41 
 34.18 ,       165.53 
 34.2 ,        165.64 
 34.22 ,       165.72 
 34.24 ,       165.78 
 34.26 ,       165.82 
 34.28 ,       165.85 
 34.3 ,        165.85 
 34.32 ,       165.85 
 34.34 ,       165.83 
 34.36 ,       165.8 
 34.38 ,       165.76 
 34.4 ,        165.71 
 34.42 ,       165.65 
 34.44 ,       165.58 
 34.46 ,       165.5 
 34.48 ,       165.4 
 34.5 ,        165.28 
 34.52 ,       165.13 
 34.54 ,       164.95 
 34.56 ,       164.74 
 34.58 ,       164.49 
 34.6 ,        164.21 
 34.62 ,       163.9 
 34.64 ,       163.54 
 34.66 ,       163.16 
 34.68 ,       162.75 
 34.7 ,        162.31 
 34.72 ,       161.85 
 34.74 ,       161.36 
 34.76 ,       160.86 
 34.78 ,       160.35 
 34.8 ,        159.81 
 34.82 ,       159.26 
 34.84 ,       158.69 
 34.86 ,       158.1 
 34.88 ,       157.48 
 34.9 ,        156.83 
 34.92 ,       156.16 
 34.94 ,       155.46 
 34.96 ,       154.72 
 34.98 ,       153.95 
 35 ,          153.14 
 35.02 ,       152.3 
 35.04 ,       151.42 
 35.06 ,       150.51 
 35.08 ,       149.57 
 35.1 ,        148.6 
 35.12 ,       147.59 
 35.14 ,       146.57 
 35.16 ,       145.52 
 35.18 ,       144.45 
 35.2 ,        143.37 
 35.22 ,       142.27 
 35.24 ,       141.16 
 35.26 ,       140.05 
 35.28 ,       138.93 
 35.3 ,        137.8 
 35.32 ,       136.66 
 35.34 ,       135.52 
 35.36 ,       134.38 
 35.38 ,       133.23 
 35.4 ,        132.07 
 35.42 ,       130.91 
 35.44 ,       129.74 
 35.46 ,       128.55 
 35.48 ,       127.36 
 35.5 ,        126.14 
 35.52 ,       124.92 
 35.54 ,       123.67 
 35.56 ,       122.42 
 35.58 ,       121.16 
 35.6 ,        119.89 
 35.62 ,       118.62 
 35.64 ,       117.35 
 35.66 ,       116.08 
 35.68 ,       114.82 
 35.7 ,        113.55 
 35.72 ,       112.27 
 35.74 ,       110.99 
 35.76 ,       109.69 
 35.78 ,       108.38 
 35.8 ,        107.06 
 35.82 ,       105.72 
 35.84 ,       104.37 
 35.86 ,       103.01 
 35.88 ,       101.63 
 35.9 ,        100.25 
 35.92 ,       98.85 
 35.94 ,       97.45 
 35.96 ,       96.03 
 35.98 ,       94.6 
 36 ,          93.16 
 36.02 ,       91.71 
 36.04 ,       90.24 
 36.06 ,       88.77 
 36.08 ,       87.28 
 36.1 ,        85.8 
 36.12 ,       84.32 
 36.14 ,       82.84 
 36.16 ,       81.36 
 36.18 ,       79.9 
 36.2 ,        78.44 
 36.22 ,       76.99 
 36.24 ,       75.54 
 36.26 ,       74.1 
 36.28 ,       72.66 
 36.3 ,        71.23 
 36.32 ,       69.81 
 36.34 ,       68.4 
 36.36 ,       67 
 36.38 ,       65.62 
 36.4 ,        64.25 
 36.42 ,       62.9 
 36.44 ,       61.57 
 36.46 ,       60.26 
 36.48 ,       58.97 
 36.5 ,        57.69 
 36.52 ,       56.44 
 36.54 ,       55.21 
 36.56 ,       54 
 36.58 ,       52.81 
 36.6 ,        51.65 
 36.62 ,       50.51 
 36.64 ,       49.39 
 36.66 ,       48.29 
 36.68 ,       47.22 
 36.7 ,        46.17 
 36.72 ,       45.13 
 36.74 ,       44.11 
 36.76 ,       43.12 
 36.78 ,       42.13 
 36.8 ,        41.17 
 36.82 ,       40.22 
 36.84 ,       39.29 
 36.86 ,       38.37 
 36.88 ,       37.47 
 36.9 ,        36.59 
 36.92 ,       35.72 
 36.94 ,       34.87 
 36.96 ,       34.03 
 36.98 ,       33.19 
 37 ,          32.37 
 37.02 ,       31.55 
 37.04 ,       30.73 
 37.06 ,       29.91 
 37.08 ,       29.1 
 37.1 ,        28.3 
 37.12 ,       27.51 
 37.14 ,       26.72 
 37.16 ,       25.95 
 37.18 ,       25.18 
 37.2 ,        24.42 
 37.22 ,       23.66 
 37.24 ,       22.91 
 37.26 ,       22.15 
 37.28 ,       21.4 
 37.3 ,        20.66 
 37.32 ,       19.92 
 37.34 ,       19.2 
 37.36 ,       18.48 
 37.38 ,       17.78 
 37.4 ,        17.1 
 37.42 ,       16.43 
 37.44 ,       15.78 
 37.46 ,       15.14 
 37.48 ,       14.5 
 37.5 ,        13.88 
 37.52 ,       13.26 
 37.54 ,       12.64 
 37.56 ,       12.04 
 37.58 ,       11.45 
 37.6 ,        10.87 
 37.62 ,       10.31 
 37.64 ,       9.76 
 37.66 ,       9.24 
 37.68 ,       8.73 
 37.7 ,        8.25 
 37.72 ,       7.78 
 37.74 ,       7.34 
 37.76 ,       6.91 
 37.78 ,       6.49 
 37.8 ,        6.1 
 37.82 ,       5.71 
 37.84 ,       5.35 
 37.86 ,       5 
 37.88 ,       4.67 
 37.9 ,        4.36 
 37.92 ,       4.07 
 37.94 ,       3.79 
 37.96 ,       3.54 
 37.98 ,       3.3 
 38 ,          3.07 
 38.02 ,       2.85 
 38.04 ,       2.65 
 38.06 ,       2.45 
 38.08 ,       2.26 
 38.1 ,        2.07 
 38.12 ,       1.89 
 38.14 ,       1.72 
 38.16 ,       1.55 
 38.18 ,       1.4 
 38.2 ,        1.26 
 38.22 ,       1.13 
 38.24 ,       1.01 
 38.26 ,       .9 
 38.28 ,       .8 
 38.3 ,        .71 
 38.32 ,       .62 
 38.34 ,       .54 
 38.36 ,       .45 
 38.38 ,       .37 
 38.4 ,        .29 
 38.42 ,       .22 
 38.44 ,       .14 
 38.46 ,       .08 
 38.48 ,       .01 
 38.5 ,       -.04 
 38.52 ,      -.09 
 38.54 ,      -.13 
 38.56 ,      -.17 
 38.58 ,      -.21 
 38.6 ,       -.24 
 38.62 ,      -.27 
 38.64 ,      -.3 
 38.66 ,      -.32 
 38.68 ,      -.33 
 38.7 ,       -.33 
 38.72 ,      -.33 
 38.74 ,      -.3 
 38.76 ,      -.27 
 38.78 ,      -.22 
 38.8 ,       -.17 
 38.82 ,      -.1 
 38.84 ,      -.02 
 38.86 ,       .06 
 38.88 ,       .15 
 38.9 ,        .25 
 38.92 ,       .35 
 38.94 ,       .47 
 38.96 ,       .59 
 38.98 ,       .73 
 39 ,          .89 
 39.02 ,       1.06 
 39.04 ,       1.25 
 39.06 ,       1.46 
 39.08 ,       1.68 
 39.1 ,        1.91 
 39.12 ,       2.16 
 39.14 ,       2.41 
 39.16 ,       2.67 
 39.18 ,       2.94 
 39.2 ,        3.21 
 39.22 ,       3.49 
 39.24 ,       3.77 
 39.26 ,       4.05 
 39.28 ,       4.34 
 39.3 ,        4.64 
 39.32 ,       4.94 
 39.34 ,       5.24 
 39.36 ,       5.55 
 39.38 ,       5.87 
 39.4 ,        6.19 
 39.42 ,       6.52 
 39.44 ,       6.86 
 39.46 ,       7.2 
 39.48 ,       7.56 
 39.5 ,        7.93 
 39.52 ,       8.31 
 39.54 ,       8.7 
 39.56 ,       9.11 
 39.58 ,       9.54 
 39.6 ,        9.98 
 39.62 ,       10.44 
 39.64 ,       10.91 
 39.66 ,       11.4 
 39.68 ,       11.91 
 39.7 ,        12.44 
 39.72 ,       12.99 
 39.74 ,       13.55 
 39.76 ,       14.13 
 39.78 ,       14.73 
 39.8 ,        15.34 
 39.82 ,       15.96 
 39.84 ,       16.6 
 39.86 ,       17.26 
 39.88 ,       17.93 
 39.9 ,        18.62 
 39.92 ,       19.32 
 39.94 ,       20.03 
 39.96 ,       20.76 
 39.98 ,       21.5 
 40 ,          22.25 
 40.02 ,       23.01 
 40.04 ,       23.78 
 40.06 ,       24.56 
 40.08 ,       25.34 
 40.1 ,        26.14 
 40.12 ,       26.94 
 40.14 ,       27.75 
 40.16 ,       28.57 
 40.18 ,       29.39 
 40.2 ,        30.22 
 40.22 ,       31.05 
 40.24 ,       31.88 
 40.26 ,       32.72 
 40.28 ,       33.55 
 40.3 ,        34.39 
 40.32 ,       35.22 
 40.34 ,       36.05 
 40.36 ,       36.89 
 40.38 ,       37.72 
 40.4 ,        38.55 
 40.42 ,       39.39 
 40.44 ,       40.22 
 40.46 ,       41.06 
 40.48 ,       41.9 
 40.5 ,        42.74 
 40.52 ,       43.59 
 40.54 ,       44.43 
 40.56 ,       45.28 
 40.58 ,       46.14 
 40.6 ,        46.99 
 40.62 ,       47.86 
 40.64 ,       48.72 
 40.66 ,       49.6 
 40.68 ,       50.47 
 40.7 ,        51.36 
 40.72 ,       52.25 
 40.74 ,       53.15 
 40.76 ,       54.05 
 40.78 ,       54.96 
 40.8 ,        55.88 
 40.82 ,       56.81 
 40.84 ,       57.74 
 40.86 ,       58.68 
 40.88 ,       59.63 
 40.9 ,        60.59 
 40.92 ,       61.56 
 40.94 ,       62.54 
 40.96 ,       63.53 
 40.98 ,       64.53 
 41 ,          65.54 
 41.02 ,       66.56 
 41.04 ,       67.59 
 41.06 ,       68.63 
 41.08 ,       69.67 
 41.1 ,        70.72 
 41.12 ,       71.77 
 41.14 ,       72.83 
 41.16 ,       73.9 
 41.18 ,       74.98 
 41.2 ,        76.07 
 41.22 ,       77.16 
 41.24 ,       78.27 
 41.26 ,       79.37 
 41.28 ,       80.49 
 41.3 ,        81.6 
 41.32 ,       82.72 
 41.34 ,       83.83 
 41.36 ,       84.94 
 41.38 ,       86.04 
 41.4 ,        87.14 
 41.42 ,       88.24 
 41.44 ,       89.35 
 41.46 ,       90.45 
 41.48 ,       91.54 
 41.5 ,        92.64 
 41.52 ,       93.73 
 41.54 ,       94.82 
 41.56 ,       95.89 
 41.58 ,       96.96 
 41.6 ,        98.02 
 41.62 ,       99.06 
 41.64 ,       100.1 
 41.66 ,       101.14 
 41.68 ,       102.17 
 41.7 ,        103.2 
 41.72 ,       104.23 
 41.74 ,       105.26 
 41.76 ,       106.29 
 41.78 ,       107.31 
 41.8 ,        108.33 
 41.82 ,       109.34 
 41.84 ,       110.34 
 41.86 ,       111.33 
 41.88 ,       112.31 
 41.9 ,        113.29 
 41.92 ,       114.26 
 41.94 ,       115.22 
 41.96 ,       116.19 
 41.98 ,       117.15 
 42 ,          118.1 
 42.02 ,       119.06 
 42.04 ,       120.02 
 42.06 ,       120.97 
 42.08 ,       121.92 
 42.1 ,        122.86 
 42.12 ,       123.8 
 42.14 ,       124.74 
 42.16 ,       125.67 
 42.18 ,       126.6 
 42.2 ,        127.52 
 42.22 ,       128.44 
 42.24 ,       129.37 
 42.26 ,       130.29 
 42.28 ,       131.21 
 42.3 ,        132.13 
 42.32 ,       133.04 
 42.34 ,       133.95 
 42.36 ,       134.86 
 42.38 ,       135.75 
 42.4 ,        136.64 
 42.42 ,       137.51 
 42.44 ,       138.37 
 42.46 ,       139.22 
 42.48 ,       140.06 
 42.5 ,        140.9 
 42.52 ,       141.72 
 42.54 ,       142.53 
 42.56 ,       143.34 
 42.58 ,       144.13 
 42.6 ,        144.91 
 42.62 ,       145.69 
 42.64 ,       146.45 
 42.66 ,       147.19 
 42.68 ,       147.92 
 42.7 ,        148.64 
 42.72 ,       149.34 
 42.74 ,       150.02 
 42.76 ,       150.69 
 42.78 ,       151.34 
 42.8 ,        151.98 
 42.82 ,       152.61 
 42.84 ,       153.21 
 42.86 ,       153.81 
 42.88 ,       154.38 
 42.9 ,        154.93 
 42.92 ,       155.46 
 42.94 ,       155.97 
 42.96 ,       156.46 
 42.98 ,       156.92 
 43 ,          157.37 
 43.02 ,       157.8 
 43.04 ,       158.21 
 43.06 ,       158.6 
 43.08 ,       158.97 
 43.1 ,        159.34 
 43.12 ,       159.68 
 43.14 ,       160.01 
 43.16 ,       160.32 
 43.18 ,       160.62 
 43.2 ,        160.9 
 43.22 ,       161.16 
 43.24 ,       161.4 
 43.26 ,       161.62 
 43.28 ,       161.82 
 43.3 ,        162 
 43.32 ,       162.17 
 43.34 ,       162.31 
 43.36 ,       162.44 
 43.38 ,       162.55 
 43.4 ,        162.64 
 43.42 ,       162.72 
 43.44 ,       162.77 
 43.46 ,       162.81 
 43.48 ,       162.82 
 43.5 ,        162.82 
 43.52 ,       162.81 
 43.54 ,       162.78 
 43.56 ,       162.74 
 43.58 ,       162.68 
 43.6 ,        162.62 
 43.62 ,       162.55 
 43.64 ,       162.47 
 43.66 ,       162.38 
 43.68 ,       162.27 
 43.7 ,        162.14 
 43.72 ,       161.99 
 43.74 ,       161.81 
 43.76 ,       161.59 
 43.78 ,       161.35 
 43.8 ,        161.06 
 43.82 ,       160.74 
 43.84 ,       160.39 
 43.86 ,       160 
 43.88 ,       159.59 
 43.9 ,        159.14 
 43.92 ,       158.67 
 43.94 ,       158.18 
 43.96 ,       157.68 
 43.98 ,       157.15 
 44 ,          156.61 
 44.02 ,       156.05 
 44.04 ,       155.48 
 44.06 ,       154.88 
 44.08 ,       154.25 
 44.1 ,        153.6 
 44.12 ,       152.92 
 44.14 ,       152.22 
 44.16 ,       151.48 
 44.18 ,       150.7 
 44.2 ,        149.9 
 44.22 ,       149.05 
 44.24 ,       148.18 
 44.26 ,       147.27 
 44.28 ,       146.33 
 44.3 ,        145.35 
 44.32 ,       144.35 
 44.34 ,       143.32 
 44.36 ,       142.26 
 44.38 ,       141.18 
 44.4 ,        140.09 
 44.42 ,       138.98 
 44.44 ,       137.87 
 44.46 ,       136.74 
 44.48 ,       135.61 
 44.5 ,        134.46 
 44.52 ,       133.32 
 44.54 ,       132.17 
 44.56 ,       131.01 
 44.58 ,       129.85 
 44.6 ,        128.68 
 44.62 ,       127.51 
 44.64 ,       126.33 
 44.66 ,       125.13 
 44.68 ,       123.93 
 44.7 ,        122.71 
 44.72 ,       121.48 
 44.74 ,       120.23 
 44.76 ,       118.96 
 44.78 ,       117.69 
 44.8 ,        116.41 
 44.82 ,       115.13 
 44.84 ,       113.85 
 44.86 ,       112.57 
 44.88 ,       111.29 
 44.9 ,        110.01 
 44.92 ,       108.71 
 44.94 ,       107.42 
 44.96 ,       106.1 
 44.98 ,       104.78 
 45 ,          103.44 
 45.02 ,       102.09 
 45.04 ,       100.72 
 45.06 ,       99.34 
 45.08 ,       97.95 
 45.1 ,        96.55 
 45.12 ,       95.14 
 45.14 ,       93.72 
 45.16 ,       92.29 
 45.18 ,       90.85 
 45.2 ,        89.39 
 45.22 ,       87.92 
 45.24 ,       86.44 
 45.26 ,       84.95 
 45.28 ,       83.45 
 45.3 ,        81.95 
 45.32 ,       80.45 
 45.34 ,       78.95 
 45.36 ,       77.45 
 45.38 ,       75.97 
 45.4 ,        74.49 
 45.42 ,       73.03 
 45.44 ,       71.57 
 45.46 ,       70.11 
 45.48 ,       68.67 
 45.5 ,        67.23 
 45.52 ,       65.8 
 45.54 ,       64.38 
 45.56 ,       62.97 
 45.58 ,       61.57 
 45.6 ,        60.19 
 45.62 ,       58.82 
 45.64 ,       57.47 
 45.66 ,       56.14 
 45.68 ,       54.82 
 45.7 ,        53.53 
 45.72 ,       52.25 
 45.74 ,       51 
 45.76 ,       49.77 
 45.78 ,       48.56 
 45.8 ,        47.38 
 45.82 ,       46.22 
 45.84 ,       45.08 
 45.86 ,       43.96 
 45.88 ,       42.86 
 45.9 ,        41.79 
 45.92 ,       40.74 
 45.94 ,       39.71 
 45.96 ,       38.7 
 45.98 ,       37.71 
 46 ,          36.73 
 46.02 ,       35.77 
 46.04 ,       34.82 
 46.06 ,       33.89 
 46.08 ,       32.97 
 46.1 ,        32.06 
 46.12 ,       31.16 
 46.14 ,       30.28 
 46.16 ,       29.41 
 46.18 ,       28.55 
 46.2 ,        27.69 
 46.22 ,       26.85 
 46.24 ,       26.01 
 46.26 ,       25.17 
 46.28 ,       24.34 
 46.3 ,        23.52 
 46.32 ,       22.7 
 46.34 ,       21.89 
 46.36 ,       21.1 
 46.38 ,       20.31 
 46.4 ,        19.53 
 46.42 ,       18.75 
 46.44 ,       17.98 
 46.46 ,       17.21 
 46.48 ,       16.44 
 46.5 ,        15.68 
 46.52 ,       14.93 
 46.54 ,       14.19 
 46.56 ,       13.45 
 46.58 ,       12.73 
 46.6 ,        12.02 
 46.62 ,       11.33 
 46.64 ,       10.65 
 46.66 ,       9.98 
 46.68 ,       9.32 
 46.7 ,        8.67 
 46.72 ,       8.03 
 46.74 ,       7.39 
 46.76 ,       6.77 
 46.78 ,       6.16 
 46.8 ,        5.57 
 46.82 ,       5 
 46.84 ,       4.44 
 46.86 ,       3.9 
 46.88 ,       3.38 
 46.9 ,        2.88 
 46.92 ,       2.4 
 46.94 ,       1.94 
 46.96 ,       1.49 
 46.98 ,       1.06 
 47 ,          .65 
 47.02 ,       .25 
 47.04 ,      -.13 
 47.06 ,      -.5 
 47.08 ,      -.85 
 47.1 ,       -1.18 
 47.12 ,      -1.49 
 47.14 ,      -1.79 
 47.16 ,      -2.07 
 47.18 ,      -2.33 
 47.2 ,       -2.58 
 47.22 ,      -2.82 
 47.24 ,      -3.05 
 47.26 ,      -3.27 
 47.28 ,      -3.48 
 47.3 ,       -3.68 
 47.32 ,      -3.87 
 47.34 ,      -4.06 
 47.36 ,      -4.23 
 47.38 ,      -4.4 
 47.4 ,       -4.56 
 47.42 ,      -4.71 
 47.44 ,      -4.84 
 47.46 ,      -4.97 
 47.48 ,      -5.1 
 47.5 ,       -5.21 
 47.52 ,      -5.33 
 47.54 ,      -5.44 
 47.56 ,      -5.54 
 47.58 ,      -5.65 
 47.6 ,       -5.75 
 47.62 ,      -5.85 
 47.64 ,      -5.95 
 47.66 ,      -6.04 
 47.68 ,      -6.12 
 47.7 ,       -6.2 
 47.72 ,      -6.27 
 47.74 ,      -6.33 
 47.76 ,      -6.39 
 47.78 ,      -6.45 
 47.8 ,       -6.5 
 47.82 ,      -6.54 
 47.84 ,      -6.59 
 47.86 ,      -6.62 
 47.88 ,      -6.65 
 47.9 ,       -6.66 
 47.92 ,      -6.67 
 47.94 ,      -6.67 
 47.96 ,      -6.65 
 47.98 ,      -6.63 
 48 ,         -6.59 
 48.02 ,      -6.55 
 48.04 ,      -6.5 
 48.06 ,      -6.44 
 48.08 ,      -6.37 
 48.1 ,       -6.3 
 48.12 ,      -6.22 
 48.14 ,      -6.13 
 48.16 ,      -6.03 
 48.18 ,      -5.91 
 48.2 ,       -5.77 
 48.22 ,      -5.62 
 48.24 ,      -5.45 
 48.26 ,      -5.26 
 48.28 ,      -5.06 
 48.3 ,       -4.85 
 48.32 ,      -4.62 
 48.34 ,      -4.39 
 48.36 ,      -4.15 
 48.38 ,      -3.9 
 48.4 ,       -3.65 
 48.42 ,      -3.39 
 48.44 ,      -3.13 
 48.46 ,      -2.86 
 48.48 ,      -2.59 
 48.5 ,       -2.32 
 48.52 ,      -2.03 
 48.54 ,      -1.75 
 48.56 ,      -1.46 
 48.58 ,      -1.17 
 48.6 ,       -.87 
 48.62 ,      -.56 
 48.64 ,      -.25 
 48.66 ,       .08 
 48.68 ,       .41 
 48.7 ,        .75 
 48.72 ,       1.11 
 48.74 ,       1.48 
 48.76 ,       1.86 
 48.78 ,       2.27 
 48.8 ,        2.69 
 48.82 ,       3.12 
 48.84 ,       3.58 
 48.86 ,       4.05 
 48.88 ,       4.54 
 48.9 ,        5.05 
 48.92 ,       5.58 
 48.94 ,       6.13 
 48.96 ,       6.69 
 48.98 ,       7.27 
 49 ,          7.86 
 49.02 ,       8.47 
 49.04 ,       9.09 
 49.06 ,       9.73 
 49.08 ,       10.38 
 49.1 ,        11.04 
 49.12 ,       11.72 
 49.14 ,       12.4 
 49.16 ,       13.11 
 49.18 ,       13.82 
 49.2 ,        14.55 
 49.22 ,       15.28 
 49.24 ,       16.03 
 49.26 ,       16.79 
 49.28 ,       17.55 
 49.3 ,        18.33 
 49.32 ,       19.11 
 49.34 ,       19.9 
 49.36 ,       20.7 
 49.38 ,       21.5 
 49.4 ,        22.31 
 49.42 ,       23.12 
 49.44 ,       23.93 
 49.46 ,       24.75 
 49.48 ,       25.56 
 49.5 ,        26.38 
 49.52 ,       27.19 
 49.54 ,       28 
 49.56 ,       28.81 
 49.58 ,       29.61 
 49.6 ,        30.42 
 49.62 ,       31.23 
 49.64 ,       32.04 
 49.66 ,       32.85 
 49.68 ,       33.66 
 49.7 ,        34.48 
 49.72 ,       35.29 
 49.74 ,       36.12 
 49.76 ,       36.95 
 49.78 ,       37.78 
 49.8 ,        38.61 
 49.82 ,       39.46 
 49.84 ,       40.3 
 49.86 ,       41.16 
 49.88 ,       42.02 
 49.9 ,        42.88 
 49.92 ,       43.75 
 49.94 ,       44.63 
 49.96 ,       45.51 
 49.98 ,       46.4 
 50 ,          47.29 
 50.02 ,       48.2 
 50.04 ,       49.11 
 50.06 ,       50.02 
 50.08 ,       50.95 
 50.1 ,        51.89 
 50.12 ,       52.83 
 50.14 ,       53.79 
 50.16 ,       54.75 
 50.18 ,       55.73 
 50.2 ,        56.72 
 50.22 ,       57.72 
 50.24 ,       58.73 
 50.26 ,       59.75 
 50.28 ,       60.77 
 50.3 ,        61.8 
 50.32 ,       62.84 
 50.34 ,       63.88 
 50.36 ,       64.94 
 50.38 ,       65.99 
 50.4 ,        67.06 
 50.42 ,       68.14 
 50.44 ,       69.22 
 50.46 ,       70.3 
 50.48 ,       71.39 
 50.5 ,        72.48 
 50.52 ,       73.57 
 50.54 ,       74.66 
 50.56 ,       75.74 
 50.58 ,       76.82 
 50.6 ,        77.9 
 50.62 ,       78.98 
 50.64 ,       80.06 
 50.66 ,       81.14 
 50.68 ,       82.22 
 50.7 ,        83.29 
 50.72 ,       84.36 
 50.74 ,       85.43 
 50.76 ,       86.48 
 50.78 ,       87.53 
 50.8 ,        88.57 
 50.82 ,       89.61 
 50.84 ,       90.63 
 50.86 ,       91.65 
 50.88 ,       92.66 
 50.9 ,        93.67 
 50.92 ,       94.68 
 50.94 ,       95.68 
 50.96 ,       96.69 
 50.98 ,       97.69 
 51 ,          98.68 
 51.02 ,       99.66 
 51.04 ,       100.64 
 51.06 ,       101.61 
 51.08 ,       102.58 
 51.1 ,        103.53 
 51.12 ,       104.48 
 51.14 ,       105.43 
 51.16 ,       106.37 
 51.18 ,       107.32 
 51.2 ,        108.26 
 51.22 ,       109.2 
 51.24 ,       110.14 
 51.26 ,       111.07 
 51.28 ,       112 
 51.3 ,        112.93 
 51.32 ,       113.86 
 51.34 ,       114.78 
 51.36 ,       115.69 
 51.38 ,       116.61 
 51.4 ,        117.51 
 51.42 ,       118.42 
 51.44 ,       119.33 
 51.46 ,       120.23 
 51.48 ,       121.13 
 51.5 ,        122.03 
 51.52 ,       122.92 
 51.54 ,       123.81 
 51.56 ,       124.7 
 51.58 ,       125.57 
 51.6 ,        126.44 
 51.62 ,       127.3 
 51.64 ,       128.15 
 51.66 ,       128.98 
 51.68 ,       129.81 
 51.7 ,        130.63 
 51.72 ,       131.44 
 51.74 ,       132.24 
 51.76 ,       133.03 
 51.78 ,       133.81 
 51.8 ,        134.58 
 51.82 ,       135.34 
 51.84 ,       136.08 
 51.86 ,       136.81 
 51.88 ,       137.53 
 51.9 ,        138.22 
 51.92 ,       138.91 
 51.94 ,       139.57 
 51.96 ,       140.23 
 51.98 ,       140.86 
 52 ,          141.48 
 52.02 ,       142.09 
 52.04 ,       142.68 
 52.06 ,       143.26 
 52.08 ,       143.81 
 52.1 ,        144.35 
 52.12 ,       144.86 
 52.14 ,       145.36 
 52.16 ,       145.83 
 52.18 ,       146.29 
 52.2 ,        146.72 
 52.22 ,       147.14 
 52.24 ,       147.54 
 52.26 ,       147.91 
 52.28 ,       148.28 
 52.3 ,        148.63 
 52.32 ,       148.96 
 52.34 ,       149.27 
 52.36 ,       149.57 
 52.38 ,       149.85 
 52.4 ,        150.12 
 52.42 ,       150.36 
 52.44 ,       150.58 
 52.46 ,       150.79 
 52.48 ,       150.98 
 52.5 ,        151.15 
 52.52 ,       151.3 
 52.54 ,       151.43 
 52.56 ,       151.55 
 52.58 ,       151.65 
 52.6 ,        151.73 
 52.62 ,       151.79 
 52.64 ,       151.84 
 52.66 ,       151.86 
 52.68 ,       151.87 
 52.7 ,        151.85 
 52.72 ,       151.83 
 52.74 ,       151.78 
 52.76 ,       151.73 
 52.78 ,       151.66 
 52.8 ,        151.59 
 52.82 ,       151.5 
 52.84 ,       151.4 
 52.86 ,       151.29 
 52.88 ,       151.17 
 52.9 ,        151.02 
 52.92 ,       150.86 
 52.94 ,       150.67 
 52.96 ,       150.45 
 52.98 ,       150.19 
 53 ,          149.9 
 53.02 ,       149.58 
 53.04 ,       149.22 
 53.06 ,       148.83 
 53.08 ,       148.4 
 53.1 ,        147.95 
 53.12 ,       147.47 
 53.14 ,       146.97 
 53.16 ,       146.45 
 53.18 ,       145.91 
 53.2 ,        145.35 
 53.22 ,       144.78 
 53.24 ,       144.19 
 53.26 ,       143.58 
 53.28 ,       142.94 
 53.3 ,        142.28 
 53.32 ,       141.59 
 53.34 ,       140.88 
 53.36 ,       140.13 
 53.38 ,       139.35 
 53.4 ,        138.53 
 53.42 ,       137.68 
 53.44 ,       136.8 
 53.46 ,       135.88 
 53.48 ,       134.93 
 53.5 ,        133.94 
 53.52 ,       132.93 
 53.54 ,       131.89 
 53.56 ,       130.82 
 53.58 ,       129.74 
 53.6 ,        128.63 
 53.62 ,       127.51 
 53.64 ,       126.38 
 53.66 ,       125.24 
 53.68 ,       124.09 
 53.7 ,        122.93 
 53.72 ,       121.76 
 53.74 ,       120.59 
 53.76 ,       119.42 
 53.78 ,       118.24 
 53.8 ,        117.05 
 53.82 ,       115.86 
 53.84 ,       114.66 
 53.86 ,       113.46 
 53.88 ,       112.24 
 53.9 ,        111 
 53.92 ,       109.76 
 53.94 ,       108.5 
 53.96 ,       107.22 
 53.98 ,       105.93 
 54 ,          104.64 
 54.02 ,       103.34 
 54.04 ,       102.04 
 54.06 ,       100.74 
 54.08 ,       99.44 
 54.1 ,        98.13 
 54.12 ,       96.82 
 54.14 ,       95.51 
 54.16 ,       94.18 
 54.18 ,       92.84 
 54.2 ,        91.49 
 54.22 ,       90.12 
 54.24 ,       88.74 
 54.26 ,       87.34 
 54.28 ,       85.93 
 54.3 ,        84.51 
 54.32 ,       83.08 
 54.34 ,       81.64 
 54.36 ,       80.19 
 54.38 ,       78.73 
 54.4 ,        77.26 
 54.42 ,       75.77 
 54.44 ,       74.28 
 54.46 ,       72.77 
 54.48 ,       71.25 
 54.5 ,        69.73 
 54.52 ,       68.21 
 54.54 ,       66.68 
 54.56 ,       65.16 
 54.58 ,       63.65 
 54.6 ,        62.15 
 54.62 ,       60.65 
 54.64 ,       59.17 
 54.66 ,       57.7 
 54.68 ,       56.23 
 54.7 ,        54.77 
 54.72 ,       53.32 
 54.74 ,       51.88 
 54.76 ,       50.45 
 54.78 ,       49.02 
 54.8 ,        47.61 
 54.82 ,       46.22 
 54.84 ,       44.84 
 54.86 ,       43.48 
 54.88 ,       42.14 
 54.9 ,        40.82 
 54.92 ,       39.52 
 54.94 ,       38.24 
 54.96 ,       36.99 
 54.98 ,       35.75 
 55 ,          34.54 
 55.02 ,       33.35 
 55.04 ,       32.18 
 55.06 ,       31.03 
 55.08 ,       29.9 
 55.1 ,        28.8 
 55.12 ,       27.72 
 55.14 ,       26.66 
 55.16 ,       25.62 
 55.18 ,       24.61 
 55.2 ,        23.61 
 55.22 ,       22.62 
 55.24 ,       21.65 
 55.26 ,       20.7 
 55.28 ,       19.75 
 55.3 ,        18.82 
 55.32 ,       17.9 
 55.34 ,       16.99 
 55.36 ,       16.09 
 55.38 ,       15.21 
 55.4 ,        14.33 
 55.42 ,       13.46 
 55.44 ,       12.6 
 55.46 ,       11.74 
 55.48 ,       10.89 
 55.5 ,        10.04 
 55.52 ,       9.2 
 55.54 ,       8.37 
 55.56 ,       7.54 
 55.58 ,       6.73 
 55.6 ,        5.92 
 55.62 ,       5.12 
 55.64 ,       4.33 
 55.66 ,       3.53 
 55.68 ,       2.74 
 55.7 ,        1.96 
 55.72 ,       1.19 
 55.74 ,       .42 
 55.76 ,      -.34 
 55.78 ,      -1.08 
 55.8 ,       -1.81 
 55.82 ,      -2.53 
 55.84 ,      -3.23 
 55.86 ,      -3.93 
 55.88 ,      -4.61 
 55.9 ,       -5.29 
 55.92 ,      -5.96 
 55.94 ,      -6.62 
 55.96 ,      -7.27 
 55.98 ,      -7.9 
 56 ,         -8.52 
 56.02 ,      -9.13 
 56.04 ,      -9.71 
 56.06 ,      -10.28 
 56.08 ,      -10.83 
 56.1 ,       -11.35 
 56.12 ,      -11.86 
 56.14 ,      -12.35 
 56.16 ,      -12.83 
 56.18 ,      -13.29 
 56.2 ,       -13.73 
 56.22 ,      -14.15 
 56.24 ,      -14.56 
 56.26 ,      -14.95 
 56.28 ,      -15.33 
 56.3 ,       -15.68 
 56.32 ,      -16.02 
 56.34 ,      -16.34 
 56.36 ,      -16.65 
 56.38 ,      -16.94 
 56.4 ,       -17.22 
 56.42 ,      -17.48 
 56.44 ,      -17.74 
 56.46 ,      -17.98 
 56.48 ,      -18.22 
 56.5 ,       -18.45 
 56.52 ,      -18.67 
 56.54 ,      -18.88 
 56.56 ,      -19.08 
 56.58 ,      -19.27 
 56.6 ,       -19.45 
 56.62 ,      -19.63 
 56.64 ,      -19.79 
 56.66 ,      -19.94 
 56.68 ,      -20.09 
 56.7 ,       -20.23 
 56.72 ,      -20.36 
 56.74 ,      -20.5 
 56.76 ,      -20.63 
 56.78 ,      -20.76 
 56.8 ,       -20.88 
 56.82 ,      -21 
 56.84 ,      -21.12 
 56.86 ,      -21.23 
 56.88 ,      -21.34 
 56.9 ,       -21.44 
 56.92 ,      -21.54 
 56.94 ,      -21.63 
 56.96 ,      -21.72 
 56.98 ,      -21.8 
 57 ,         -21.87 
 57.02 ,      -21.95 
 57.04 ,      -22.01 
 57.06 ,      -22.07 
 57.08 ,      -22.12 
 57.1 ,       -22.17 
 57.12 ,      -22.2 
 57.14 ,      -22.22 
 57.16 ,      -22.23 
 57.18 ,      -22.22 
 57.2 ,       -22.21 
 57.22 ,      -22.19 
 57.24 ,      -22.17 
 57.26 ,      -22.13 
 57.28 ,      -22.09 
 57.3 ,       -22.05 
 57.32 ,      -21.99 
 57.34 ,      -21.93 
 57.36 ,      -21.85 
 57.38 ,      -21.76 
 57.4 ,       -21.65 
 57.42 ,      -21.52 
 57.44 ,      -21.38 
 57.46 ,      -21.22 
 57.48 ,      -21.04 
 57.5 ,       -20.85 
 57.52 ,      -20.65 
 57.54 ,      -20.43 
 57.56 ,      -20.21 
 57.58 ,      -19.99 
 57.6 ,       -19.76 
 57.62 ,      -19.53 
 57.64 ,      -19.29 
 57.66 ,      -19.05 
 57.68 ,      -18.8 
 57.7 ,       -18.55 
 57.72 ,      -18.29 
 57.74 ,      -18.03 
 57.76 ,      -17.76 
 57.78 ,      -17.49 
 57.8 ,       -17.21 
 57.82 ,      -16.93 
 57.84 ,      -16.64 
 57.86 ,      -16.34 
 57.88 ,      -16.03 
 57.9 ,       -15.72 
 57.92 ,      -15.38 
 57.94 ,      -15.04 
 57.96 ,      -14.68 
 57.98 ,      -14.3 
 58 ,         -13.91 
 58.02 ,      -13.5 
 58.04 ,      -13.08 
 58.06 ,      -12.64 
 58.08 ,      -12.18 
 58.1 ,       -11.7 
 58.12 ,      -11.21 
 58.14 ,      -10.69 
 58.16 ,      -10.16 
 58.18 ,      -9.61 
 58.2 ,       -9.05 
 58.22 ,      -8.47 
 58.24 ,      -7.88 
 58.26 ,      -7.27 
 58.28 ,      -6.64 
 58.3 ,       -6 
 58.32 ,      -5.35 
 58.34 ,      -4.69 
 58.36 ,      -4.01 
 58.38 ,      -3.33 
 58.4 ,       -2.63 
 58.42 ,      -1.91 
 58.44 ,      -1.19 
 58.46 ,      -.46 
 58.48 ,       .28 
 58.5 ,        1.03 
 58.52 ,       1.79 
 58.54 ,       2.56 
 58.56 ,       3.33 
 58.58 ,       4.11 
 58.6 ,        4.89 
 58.62 ,       5.68 
 58.64 ,       6.47 
 58.66 ,       7.26 
 58.68 ,       8.06 
 58.7 ,        8.85 
 58.72 ,       9.64 
 58.74 ,       10.44 
 58.76 ,       11.23 
 58.78 ,       12.02 
 58.8 ,        12.81 
 58.82 ,       13.6 
 58.84 ,       14.39 
 58.86 ,       15.18 
 58.88 ,       15.98 
 58.9 ,        16.77 
 58.92 ,       17.57 
 58.94 ,       18.37 
 58.96 ,       19.18 
 58.98 ,       19.99 
 59 ,          20.8 
