Sandia National Laboratories
Test No. 05
Sx5f03.DAT
8/1/96
08:00:06
 168 
 14.67 
 3.75 
 6.578248 
 93 
 835 
 824 
 817 
 828 
 858 
 860 
 861 
 855 
 850 
 849 
 842 
 837 
 810 
 755 
 727 
 711 
 711 
 708 
 693 
 687 
 681 
 666 
 668 
 670 
 671 
 661 
 635 
 623 
 601 
 571 
 569 
 529 
 490 
 462 
 425 
 428 
 431 
 435 
 455 
 450 
 443 
 445 
 465 
 515 
 537 
 547 
 569 
 573 
 599 
 643 
 699 
 725 
 727 
 735 
 761 
 777 
 807 
 833 
 852 
 845 
 832 
 831 
 832 
 830 
 830 
 821 
 809 
 775 
 767 
 778 
 789 
 788 
 786 
 786 
 793 
 795 
 817 
 859 
 887 
 881 
 885 
 888 
 910 
 931 
 939 
 935 
 917 
 873 
 873 
 871 
 871 
 854 
 838 
 1183 
 1244 
 1307 
 1370 
 1437 
 1505 
 1573 
 1645 
 1718 
 1791 
 1865 
 1937 
 2010 
 2083 
 2156 
 2228 
 2300 
 2366 
 2433 
 2497 
 2558 
 2617 
 2669 
 2719 
 2761 
 2801 
 2836 
 2865 
 2888 
 2903 
 2913 
 2915 
 2911 
 2898 
 2878 
 2849 
 2813 
 2769 
 2720 
 2662 
 2599 
 2527 
 2450 
 2368 
 2284 
 2193 
 2101 
 2005 
 1911 
 1813 
 1719 
 1625 
 1535 
 1447 
 1363 
 1285 
 1207 
 1138 
 1075 
 1015 
 960 
 910 
 863 
 821 
 783 
 750 
 722 
 697 
 677 
 661 
 646 
 634 
 627 
 624 
 623 
 626 
 633 
 641 
 654 
 671 
 689 
 711 
 737 
 766 
 799 
 835 
 874 
 916 
 960 
 1009 
 1059 
 1112 
 1167 
 1 
 623 
 2915 
 2013 
 11167 
 0 
 0 
 2 
 10
 .0863
 345 
 356 
 363 
 368 
 375 
 367 
 343 
 317 
 297 
 282 
 269 
 262 
 257 
 255 
 253 
 254 
 255 
 255 
 255 
 255 
 259 
 276 
 282 
 287 
 313 
 327 
 345 
 363 
 365 
 372 
 383 
 381 
 386 
 394 
 391 
 402 
 419 
 422 
 430 
 434 
 421 
 419 
 423 
 415 
 395 
 364 
 327 
 298 
 278 
 266 
 260 
 266 
 279 
 285 
 291 
 291 
 279 
 270 
 263 
 257 
 254 
 267 
 308 
 328 
 355 
 404 
 425 
 444 
 478 
 489 
 489 
 494 
 482 
 456 
 437 
 413 
 379 
 351 
 328 
 303 
 283 
 273 
 265 
 263 
 269 
 271 
 268 
 277 
 290 
 299 
 318 
 333 
 339 

