Sandia National Laboratories
Test No. 05
sx5j03.dat  Start Time = Start Time sec.  Y-axis = Load (lbf)
8/5/96
10:01:19
 168 
1
0
 9.252749 
 95
 13573.42 
 13910.83 
 14116.21 
 14160.22 
 13984.18 
 13705.45 
 13236.01 
 12913.27 
 12649.21 
 12297.13 
 12311.8 
 12429.16 
 12473.17 
 12590.53 
 12781.24 
 12751.9 
 12737.23 
 12649.21 
 12326.47 
 11989.06 
 11857.03 
 11578.3 
 11387.59 
 11402.26 
 11402.26 
 11460.94 
 11475.61 
 11460.94 
 11416.93 
 11387.59 
 10976.83 
 10595.41 
 9891.247 
 9260.438 
 9245.768 
 9333.787 
 8937.697 
 8805.668 
 8820.338 
 8820.338 
 7412.018 
 7162.627 
 6898.567 
 7954.808 
 8570.947 
 8732.317 
 9421.808 
 10184.65 
 10815.46 
 11035.51 
 10595.41 
 10316.68 
 10536.73 
 10125.97 
 10331.35 
 9773.888 
 9891.247 
 10507.39 
 10888.81 
 10918.15 
 11240.89 
 10888.81 
 11343.58 
 11299.57 
 10830.13 
 10522.06 
 10404.7 
 10228.66 
 10536.73 
 10448.71 
 10448.71 
 10903.48 
 11064.85 
 11152.87 
 11387.59 
 11519.62 
 11930.38 
 11959.72 
 12473.17 
 12531.85 
 12825.25 
 13265.35 
 14086.87 
 14526.97 
 14908.39 
 14835.04 
 14541.64 
 14174.89 
 13822.81 
 13118.65 
 12795.91 
 12781.24 
 12854.59 
 13221.34 
 13573.42 
 50.28272 
 54.75393 
 59.59162 
 64.35602 
 69.04712 
 74.17801 
 79.3089 
 84.51309 
 89.79057 
 94.92146 
 100.0524 
 105.4031 
 110.6073 
 115.7382 
 120.7958 
 125.5602 
 130.2513 
 134.9424 
 139.267 
 143.5183 
 147.5497 
 151.288 
 154.5864 
 157.5916 
 160.3037 
 162.7225 
 164.7016 
 166.2408 
 167.267 
 167.9267 
 168 
 167.5602 
 166.534 
 164.9215 
 162.7958 
 160.1571 
 157.0052 
 153.3403 
 149.089 
 144.2513 
 139.1204 
 133.4764 
 127.6126 
 121.3822 
 114.9319 
 108.0419 
 101.0052 
 94.26178 
 87.29843 
 80.48167 
 73.73822 
 67.36126 
 61.13089 
 55.19372 
 49.62304 
 44.34555 
 39.21466 
 34.74345 
 30.27225 
 26.16754 
 22.42932 
 19.13089 
 15.83246 
 13.04712 
 10.55497 
 8.356021 
 6.450262 
 4.837697 
 3.371728 
 2.34555 
 1.319372 
 .6596859 
 .2198953 
 0 
 0 
 .2931937 
 .8795812 
 1.612565 
 2.638743 
 3.811518 
 5.277487 
 6.890052 
 8.795812 
 10.84817 
 13.34031 
 15.97906 
 18.7644 
 21.84293 
 24.92147 
 28.51309 
 32.25131 
 35.91623 
 39.87434 
 44.12566 
 50.28272 
0
0
0
0
0
0
0
0
