Gassy Well w/separator  August 1996
3x5i03.csv,  Start Time = 0 sec, Duration = 59 sec
08/04/96
0:00:00 AM
time(sec),     Pressure(psi)
 0 ,           1529.8 
 .02 ,         1515.1 
 .04 ,         1523.9 
 .06 ,         1523.9 
 .08 ,         1523.9 
 .1 ,          1523.9 
 .12 ,         1526.9 
 .14 ,         1526.9 
 .16 ,         1521 
 .18 ,         1523.9 
 .2 ,          1523.9 
 .22 ,         1521 
 .24 ,         1521 
 .26 ,         1521 
 .28 ,         1523.9 
 .3 ,          1521 
 .32 ,         1515.1 
 .34 ,         1521 
 .36 ,         1521 
 .38 ,         1518 
 .4 ,          1515.1 
 .42 ,         1515.1 
 .44 ,         1518 
 .46 ,         1515.1 
 .48 ,         1515.1 
 .5 ,          1515.1 
 .52 ,         1512.2 
 .54 ,         1512.2 
 .56 ,         1512.2 
 .58 ,         1515.1 
 .6 ,          1512.2 
 .62 ,         1515.1 
 .64 ,         1512.2 
 .66 ,         1515.1 
 .68 ,         1512.2 
 .7 ,          1512.2 
 .72 ,         1509.2 
 .74 ,         1509.2 
 .76 ,         1512.2 
 .78 ,         1509.2 
 .8 ,          1506.3 
 .82 ,         1506.3 
 .84 ,         1506.3 
 .86 ,         1509.2 
 .88 ,         1500.4 
 .9 ,          1509.2 
 .92 ,         1509.2 
 .94 ,         1506.3 
 .96 ,         1509.2 
 .98 ,         1506.3 
 1 ,           1506.3 
 1.02 ,        1506.3 
 1.04 ,        1512.2 
 1.06 ,        1512.2 
 1.08 ,        1506.3 
 1.1 ,         1506.3 
 1.12 ,        1509.2 
 1.14 ,        1503.3 
 1.16 ,        1506.3 
 1.18 ,        1509.2 
 1.2 ,         1506.3 
 1.22 ,        1506.3 
 1.24 ,        1503.3 
 1.26 ,        1503.3 
 1.28 ,        1503.3 
 1.3 ,         1503.3 
 1.32 ,        1503.3 
 1.34 ,        1503.3 
 1.36 ,        1503.3 
 1.38 ,        1506.3 
 1.4 ,         1500.4 
 1.42 ,        1500.4 
 1.44 ,        1497.5 
 1.46 ,        1503.3 
 1.48 ,        1500.4 
 1.5 ,         1497.5 
 1.52 ,        1497.5 
 1.54 ,        1494.5 
 1.56 ,        1491.6 
 1.58 ,        1494.5 
 1.6 ,         1500.4 
 1.62 ,        1497.5 
 1.64 ,        1494.5 
 1.66 ,        1491.6 
 1.68 ,        1491.6 
 1.7 ,         1491.6 
 1.72 ,        1491.6 
 1.74 ,        1491.6 
 1.76 ,        1497.5 
 1.78 ,        1494.5 
 1.8 ,         1491.6 
 1.82 ,        1491.6 
 1.84 ,        1497.5 
 1.86 ,        1491.6 
 1.88 ,        1491.6 
 1.9 ,         1491.6 
 1.92 ,        1488.6 
 1.94 ,        1491.6 
 1.96 ,        1494.5 
 1.98 ,        1491.6 
 2 ,           1491.6 
 2.02 ,        1497.5 
 2.04 ,        1497.5 
 2.06 ,        1494.5 
 2.08 ,        1506.3 
 2.1 ,         1506.3 
 2.12 ,        1509.2 
 2.14 ,        1509.2 
 2.16 ,        1512.2 
 2.18 ,        1512.2 
 2.2 ,         1512.2 
 2.22 ,        1515.1 
 2.24 ,        1515.1 
 2.26 ,        1518 
 2.28 ,        1521 
 2.3 ,         1523.9 
 2.32 ,        1518 
 2.34 ,        1518 
 2.36 ,        1518 
 2.38 ,        1526.9 
 2.4 ,         1526.9 
 2.42 ,        1523.9 
 2.44 ,        1529.8 
 2.46 ,        1529.8 
 2.48 ,        1526.9 
 2.5 ,         1526.9 
 2.52 ,        1529.8 
 2.54 ,        1526.9 
 2.56 ,        1535.7 
 2.58 ,        1526.9 
 2.6 ,         1526.9 
 2.62 ,        1526.9 
 2.64 ,        1529.8 
 2.66 ,        1526.9 
 2.68 ,        1532.8 
 2.7 ,         1529.8 
 2.72 ,        1532.8 
 2.74 ,        1529.8 
 2.76 ,        1529.8 
 2.78 ,        1529.8 
 2.8 ,         1526.9 
 2.82 ,        1529.8 
 2.84 ,        1532.8 
 2.86 ,        1529.8 
 2.88 ,        1529.8 
 2.9 ,         1526.9 
 2.92 ,        1526.9 
 2.94 ,        1532.8 
 2.96 ,        1529.8 
 2.98 ,        1529.8 
 3 ,           1529.8 
 3.02 ,        1529.8 
 3.04 ,        1532.8 
 3.06 ,        1529.8 
 3.08 ,        1526.9 
 3.1 ,         1526.9 
 3.12 ,        1529.8 
 3.14 ,        1529.8 
 3.16 ,        1526.9 
 3.18 ,        1526.9 
 3.2 ,         1526.9 
 3.22 ,        1526.9 
 3.24 ,        1526.9 
 3.26 ,        1523.9 
 3.28 ,        1529.8 
 3.3 ,         1529.8 
 3.32 ,        1526.9 
 3.34 ,        1526.9 
 3.36 ,        1526.9 
 3.38 ,        1523.9 
 3.4 ,         1523.9 
 3.42 ,        1526.9 
 3.44 ,        1532.8 
 3.46 ,        1526.9 
 3.48 ,        1529.8 
 3.5 ,         1526.9 
 3.52 ,        1523.9 
 3.54 ,        1529.8 
 3.56 ,        1523.9 
 3.58 ,        1529.8 
 3.6 ,         1526.9 
 3.62 ,        1526.9 
 3.64 ,        1526.9 
 3.66 ,        1526.9 
 3.68 ,        1532.8 
 3.7 ,         1529.8 
 3.72 ,        1529.8 
 3.74 ,        1529.8 
 3.76 ,        1529.8 
 3.78 ,        1526.9 
 3.8 ,         1532.8 
 3.82 ,        1532.8 
 3.84 ,        1529.8 
 3.86 ,        1529.8 
 3.88 ,        1532.8 
 3.9 ,         1535.7 
 3.92 ,        1538.6 
 3.94 ,        1535.7 
 3.96 ,        1535.7 
 3.98 ,        1532.8 
 4 ,           1532.8 
 4.02 ,        1532.8 
 4.04 ,        1532.8 
 4.06 ,        1532.8 
 4.08 ,        1538.6 
 4.1 ,         1535.7 
 4.12 ,        1532.8 
 4.14 ,        1532.8 
 4.16 ,        1538.6 
 4.18 ,        1535.7 
 4.2 ,         1535.7 
 4.22 ,        1532.8 
 4.24 ,        1538.6 
 4.26 ,        1538.6 
 4.28 ,        1532.8 
 4.3 ,         1532.8 
 4.32 ,        1532.8 
 4.34 ,        1529.8 
 4.36 ,        1535.7 
 4.38 ,        1532.8 
 4.4 ,         1529.8 
 4.42 ,        1529.8 
 4.44 ,        1535.7 
 4.46 ,        1535.7 
 4.48 ,        1529.8 
 4.5 ,         1529.8 
 4.52 ,        1526.9 
 4.54 ,        1529.8 
 4.56 ,        1532.8 
 4.58 ,        1523.9 
 4.6 ,         1526.9 
 4.62 ,        1523.9 
 4.64 ,        1523.9 
 4.66 ,        1523.9 
 4.68 ,        1526.9 
 4.7 ,         1526.9 
 4.72 ,        1523.9 
 4.74 ,        1523.9 
 4.76 ,        1526.9 
 4.78 ,        1523.9 
 4.8 ,         1523.9 
 4.82 ,        1529.8 
 4.84 ,        1526.9 
 4.86 ,        1523.9 
 4.88 ,        1523.9 
 4.9 ,         1529.8 
 4.92 ,        1523.9 
 4.94 ,        1523.9 
 4.96 ,        1526.9 
 4.98 ,        1526.9 
 5 ,           1523.9 
 5.02 ,        1521 
 5.04 ,        1529.8 
 5.06 ,        1523.9 
 5.08 ,        1523.9 
 5.1 ,         1523.9 
 5.12 ,        1529.8 
 5.14 ,        1526.9 
 5.16 ,        1523.9 
 5.18 ,        1523.9 
 5.2 ,         1526.9 
 5.22 ,        1523.9 
 5.24 ,        1523.9 
 5.26 ,        1526.9 
 5.28 ,        1523.9 
 5.3 ,         1523.9 
 5.32 ,        1523.9 
 5.34 ,        1526.9 
 5.36 ,        1523.9 
 5.38 ,        1521 
 5.4 ,         1521 
 5.42 ,        1523.9 
 5.44 ,        1523.9 
 5.46 ,        1523.9 
 5.48 ,        1523.9 
 5.5 ,         1521 
 5.52 ,        1523.9 
 5.54 ,        1523.9 
 5.56 ,        1521 
 5.58 ,        1521 
 5.6 ,         1521 
 5.62 ,        1521 
 5.64 ,        1521 
 5.66 ,        1529.8 
 5.68 ,        1523.9 
 5.7 ,         1523.9 
 5.72 ,        1521 
 5.74 ,        1521 
 5.76 ,        1521 
 5.78 ,        1521 
 5.8 ,         1521 
 5.82 ,        1523.9 
 5.84 ,        1521 
 5.86 ,        1523.9 
 5.88 ,        1523.9 
 5.9 ,         1521 
 5.92 ,        1521 
 5.94 ,        1521 
 5.96 ,        1523.9 
 5.98 ,        1523.9 
 6 ,           1521 
 6.02 ,        1521 
 6.04 ,        1526.9 
 6.06 ,        1523.9 
 6.08 ,        1523.9 
 6.1 ,         1523.9 
 6.12 ,        1523.9 
 6.14 ,        1526.9 
 6.16 ,        1523.9 
 6.18 ,        1532.8 
 6.2 ,         1529.8 
 6.22 ,        1529.8 
 6.24 ,        1529.8 
 6.26 ,        1526.9 
 6.28 ,        1532.8 
 6.3 ,         1529.8 
 6.32 ,        1529.8 
 6.34 ,        1535.7 
 6.36 ,        1535.7 
 6.38 ,        1535.7 
 6.4 ,         1535.7 
 6.42 ,        1532.8 
 6.44 ,        1535.7 
 6.46 ,        1538.6 
 6.48 ,        1538.6 
 6.5 ,         1535.7 
 6.52 ,        1535.7 
 6.54 ,        1535.7 
 6.56 ,        1532.8 
 6.58 ,        1541.6 
 6.6 ,         1535.7 
 6.62 ,        1535.7 
 6.64 ,        1535.7 
 6.66 ,        1538.6 
 6.68 ,        1535.7 
 6.7 ,         1535.7 
 6.72 ,        1535.7 
 6.74 ,        1532.8 
 6.76 ,        1538.6 
 6.78 ,        1535.7 
 6.8 ,         1535.7 
 6.82 ,        1535.7 
 6.84 ,        1535.7 
 6.86 ,        1538.6 
 6.88 ,        1538.6 
 6.9 ,         1529.8 
 6.92 ,        1535.7 
 6.94 ,        1535.7 
 6.96 ,        1532.8 
 6.98 ,        1535.7 
 7 ,           1532.8 
 7.02 ,        1532.8 
 7.04 ,        1529.8 
 7.06 ,        1529.8 
 7.08 ,        1526.9 
 7.1 ,         1529.8 
 7.12 ,        1529.8 
 7.14 ,        1532.8 
 7.16 ,        1532.8 
 7.18 ,        1532.8 
 7.2 ,         1529.8 
 7.22 ,        1529.8 
 7.24 ,        1532.8 
 7.26 ,        1529.8 
 7.28 ,        1532.8 
 7.3 ,         1532.8 
 7.32 ,        1529.8 
 7.34 ,        1535.7 
 7.36 ,        1535.7 
 7.38 ,        1532.8 
 7.4 ,         1535.7 
 7.42 ,        1532.8 
 7.44 ,        1532.8 
 7.46 ,        1541.6 
 7.48 ,        1532.8 
 7.5 ,         1535.7 
 7.52 ,        1541.6 
 7.54 ,        1541.6 
 7.56 ,        1538.6 
 7.58 ,        1535.7 
 7.6 ,         1538.6 
 7.62 ,        1544.5 
 7.64 ,        1541.6 
 7.66 ,        1535.7 
 7.68 ,        1538.6 
 7.7 ,         1538.6 
 7.72 ,        1541.6 
 7.74 ,        1541.6 
 7.76 ,        1538.6 
 7.78 ,        1538.6 
 7.8 ,         1538.6 
 7.82 ,        1538.6 
 7.84 ,        1538.6 
 7.86 ,        1538.6 
 7.88 ,        1538.6 
 7.9 ,         1544.5 
 7.92 ,        1538.6 
 7.94 ,        1538.6 
 7.96 ,        1538.6 
 7.98 ,        1547.5 
 8 ,           1538.6 
 8.02 ,        1541.6 
 8.04 ,        1541.6 
 8.06 ,        1541.6 
 8.08 ,        1541.6 
 8.1 ,         1538.6 
 8.12 ,        1535.7 
 8.14 ,        1535.7 
 8.16 ,        1538.6 
 8.18 ,        1535.7 
 8.2 ,         1535.7 
 8.22 ,        1535.7 
 8.24 ,        1535.7 
 8.26 ,        1532.8 
 8.28 ,        1532.8 
 8.3 ,         1529.8 
 8.32 ,        1532.8 
 8.34 ,        1532.8 
 8.36 ,        1529.8 
 8.38 ,        1529.8 
 8.4 ,         1529.8 
 8.42 ,        1535.7 
 8.44 ,        1529.8 
 8.46 ,        1526.9 
 8.48 ,        1529.8 
 8.5 ,         1535.7 
 8.52 ,        1529.8 
 8.54 ,        1526.9 
 8.56 ,        1535.7 
 8.58 ,        1526.9 
 8.6 ,         1529.8 
 8.62 ,        1532.8 
 8.64 ,        1532.8 
 8.66 ,        1529.8 
 8.68 ,        1532.8 
 8.7 ,         1532.8 
 8.72 ,        1529.8 
 8.74 ,        1532.8 
 8.76 ,        1532.8 
 8.78 ,        1529.8 
 8.8 ,         1535.7 
 8.82 ,        1532.8 
 8.84 ,        1532.8 
 8.86 ,        1532.8 
 8.88 ,        1529.8 
 8.9 ,         1535.7 
 8.92 ,        1532.8 
 8.94 ,        1532.8 
 8.96 ,        1529.8 
 8.98 ,        1529.8 
 9 ,           1529.8 
 9.02 ,        1535.7 
 9.04 ,        1529.8 
 9.06 ,        1529.8 
 9.08 ,        1529.8 
 9.1 ,         1529.8 
 9.12 ,        1529.8 
 9.14 ,        1529.8 
 9.16 ,        1526.9 
 9.18 ,        1526.9 
 9.2 ,         1529.8 
 9.22 ,        1526.9 
 9.24 ,        1526.9 
 9.26 ,        1526.9 
 9.28 ,        1526.9 
 9.3 ,         1526.9 
 9.32 ,        1523.9 
 9.34 ,        1523.9 
 9.36 ,        1529.8 
 9.38 ,        1529.8 
 9.4 ,         1523.9 
 9.42 ,        1523.9 
 9.44 ,        1523.9 
 9.46 ,        1521 
 9.48 ,        1521 
 9.5 ,         1518 
 9.52 ,        1518 
 9.54 ,        1518 
 9.56 ,        1518 
 9.58 ,        1518 
 9.6 ,         1518 
 9.62 ,        1521 
 9.64 ,        1515.1 
 9.66 ,        1521 
 9.68 ,        1518 
 9.7 ,         1515.1 
 9.72 ,        1515.1 
 9.74 ,        1515.1 
 9.76 ,        1515.1 
 9.78 ,        1515.1 
 9.8 ,         1512.2 
 9.82 ,        1512.2 
 9.84 ,        1515.1 
 9.86 ,        1512.2 
 9.88 ,        1512.2 
 9.9 ,         1512.2 
 9.92 ,        1512.2 
 9.94 ,        1509.2 
 9.96 ,        1515.1 
 9.98 ,        1518 
 10 ,          1512.2 
 10.02 ,       1512.2 
 10.04 ,       1512.2 
 10.06 ,       1509.2 
 10.08 ,       1512.2 
 10.1 ,        1509.2 
 10.12 ,       1512.2 
 10.14 ,       1509.2 
 10.16 ,       1509.2 
 10.18 ,       1509.2 
 10.2 ,        1509.2 
 10.22 ,       1512.2 
 10.24 ,       1515.1 
 10.26 ,       1512.2 
 10.28 ,       1512.2 
 10.3 ,        1509.2 
 10.32 ,       1509.2 
 10.34 ,       1509.2 
 10.36 ,       1515.1 
 10.38 ,       1509.2 
 10.4 ,        1509.2 
 10.42 ,       1506.3 
 10.44 ,       1506.3 
 10.46 ,       1506.3 
 10.48 ,       1509.2 
 10.5 ,        1509.2 
 10.52 ,       1509.2 
 10.54 ,       1506.3 
 10.56 ,       1506.3 
 10.58 ,       1503.3 
 10.6 ,        1500.4 
 10.62 ,       1503.3 
 10.64 ,       1503.3 
 10.66 ,       1500.4 
 10.68 ,       1500.4 
 10.7 ,        1500.4 
 10.72 ,       1497.5 
 10.74 ,       1497.5 
 10.76 ,       1497.5 
 10.78 ,       1500.4 
 10.8 ,        1497.5 
 10.82 ,       1497.5 
 10.84 ,       1491.6 
 10.86 ,       1494.5 
 10.88 ,       1500.4 
 10.9 ,        1494.5 
 10.92 ,       1500.4 
 10.94 ,       1497.5 
 10.96 ,       1494.5 
 10.98 ,       1494.5 
 11 ,          1494.5 
 11.02 ,       1494.5 
 11.04 ,       1491.6 
 11.06 ,       1491.6 
 11.08 ,       1494.5 
 11.1 ,        1491.6 
 11.12 ,       1491.6 
 11.14 ,       1500.4 
 11.16 ,       1497.5 
 11.18 ,       1491.6 
 11.2 ,        1497.5 
 11.22 ,       1494.5 
 11.24 ,       1494.5 
 11.26 ,       1494.5 
 11.28 ,       1500.4 
 11.3 ,        1506.3 
 11.32 ,       1509.2 
 11.34 ,       1509.2 
 11.36 ,       1512.2 
 11.38 ,       1512.2 
 11.4 ,        1512.2 
 11.42 ,       1515.1 
 11.44 ,       1515.1 
 11.46 ,       1515.1 
 11.48 ,       1515.1 
 11.5 ,        1515.1 
 11.52 ,       1518 
 11.54 ,       1518 
 11.56 ,       1521 
 11.58 ,       1521 
 11.6 ,        1521 
 11.62 ,       1521 
 11.64 ,       1526.9 
 11.66 ,       1523.9 
 11.68 ,       1523.9 
 11.7 ,        1532.8 
 11.72 ,       1526.9 
 11.74 ,       1529.8 
 11.76 ,       1526.9 
 11.78 ,       1529.8 
 11.8 ,        1532.8 
 11.82 ,       1535.7 
 11.84 ,       1529.8 
 11.86 ,       1529.8 
 11.88 ,       1526.9 
 11.9 ,        1535.7 
 11.92 ,       1532.8 
 11.94 ,       1529.8 
 11.96 ,       1529.8 
 11.98 ,       1529.8 
 12 ,          1532.8 
 12.02 ,       1529.8 
 12.04 ,       1529.8 
 12.06 ,       1526.9 
 12.08 ,       1532.8 
 12.1 ,        1529.8 
 12.12 ,       1529.8 
 12.14 ,       1535.7 
 12.16 ,       1532.8 
 12.18 ,       1532.8 
 12.2 ,        1529.8 
 12.22 ,       1532.8 
 12.24 ,       1529.8 
 12.26 ,       1529.8 
 12.28 ,       1529.8 
 12.3 ,        1529.8 
 12.32 ,       1532.8 
 12.34 ,       1532.8 
 12.36 ,       1529.8 
 12.38 ,       1526.9 
 12.4 ,        1529.8 
 12.42 ,       1532.8 
 12.44 ,       1526.9 
 12.46 ,       1532.8 
 12.48 ,       1532.8 
 12.5 ,        1526.9 
 12.52 ,       1523.9 
 12.54 ,       1529.8 
 12.56 ,       1529.8 
 12.58 ,       1523.9 
 12.6 ,        1523.9 
 12.62 ,       1529.8 
 12.64 ,       1532.8 
 12.66 ,       1529.8 
 12.68 ,       1526.9 
 12.7 ,        1526.9 
 12.72 ,       1529.8 
 12.74 ,       1523.9 
 12.76 ,       1532.8 
 12.78 ,       1529.8 
 12.8 ,        1526.9 
 12.82 ,       1526.9 
 12.84 ,       1526.9 
 12.86 ,       1529.8 
 12.88 ,       1529.8 
 12.9 ,        1529.8 
 12.92 ,       1526.9 
 12.94 ,       1526.9 
 12.96 ,       1526.9 
 12.98 ,       1532.8 
 13 ,          1532.8 
 13.02 ,       1532.8 
 13.04 ,       1532.8 
 13.06 ,       1535.7 
 13.08 ,       1532.8 
 13.1 ,        1532.8 
 13.12 ,       1532.8 
 13.14 ,       1535.7 
 13.16 ,       1535.7 
 13.18 ,       1535.7 
 13.2 ,        1532.8 
 13.22 ,       1532.8 
 13.24 ,       1532.8 
 13.26 ,       1535.7 
 13.28 ,       1538.6 
 13.3 ,        1535.7 
 13.32 ,       1538.6 
 13.34 ,       1535.7 
 13.36 ,       1532.8 
 13.38 ,       1535.7 
 13.4 ,        1535.7 
 13.42 ,       1535.7 
 13.44 ,       1532.8 
 13.46 ,       1535.7 
 13.48 ,       1532.8 
 13.5 ,        1538.6 
 13.52 ,       1535.7 
 13.54 ,       1532.8 
 13.56 ,       1535.7 
 13.58 ,       1532.8 
 13.6 ,        1532.8 
 13.62 ,       1532.8 
 13.64 ,       1529.8 
 13.66 ,       1529.8 
 13.68 ,       1526.9 
 13.7 ,        1526.9 
 13.72 ,       1529.8 
 13.74 ,       1529.8 
 13.76 ,       1523.9 
 13.78 ,       1523.9 
 13.8 ,        1523.9 
 13.82 ,       1529.8 
 13.84 ,       1523.9 
 13.86 ,       1523.9 
 13.88 ,       1523.9 
 13.9 ,        1529.8 
 13.92 ,       1526.9 
 13.94 ,       1523.9 
 13.96 ,       1523.9 
 13.98 ,       1529.8 
 14 ,          1526.9 
 14.02 ,       1523.9 
 14.04 ,       1523.9 
 14.06 ,       1521 
 14.08 ,       1523.9 
 14.1 ,        1523.9 
 14.12 ,       1523.9 
 14.14 ,       1523.9 
 14.16 ,       1523.9 
 14.18 ,       1529.8 
 14.2 ,        1532.8 
 14.22 ,       1526.9 
 14.24 ,       1526.9 
 14.26 ,       1523.9 
 14.28 ,       1526.9 
 14.3 ,        1523.9 
 14.32 ,       1529.8 
 14.34 ,       1526.9 
 14.36 ,       1523.9 
 14.38 ,       1523.9 
 14.4 ,        1523.9 
 14.42 ,       1521 
 14.44 ,       1523.9 
 14.46 ,       1526.9 
 14.48 ,       1526.9 
 14.5 ,        1523.9 
 14.52 ,       1523.9 
 14.54 ,       1523.9 
 14.56 ,       1523.9 
 14.58 ,       1521 
 14.6 ,        1529.8 
 14.62 ,       1523.9 
 14.64 ,       1521 
 14.66 ,       1521 
 14.68 ,       1523.9 
 14.7 ,        1523.9 
 14.72 ,       1523.9 
 14.74 ,       1526.9 
 14.76 ,       1526.9 
 14.78 ,       1521 
 14.8 ,        1521 
 14.82 ,       1526.9 
 14.84 ,       1523.9 
 14.86 ,       1523.9 
 14.88 ,       1523.9 
 14.9 ,        1523.9 
 14.92 ,       1523.9 
 14.94 ,       1523.9 
 14.96 ,       1521 
 14.98 ,       1523.9 
 15 ,          1521 
 15.02 ,       1523.9 
 15.04 ,       1523.9 
 15.06 ,       1521 
 15.08 ,       1523.9 
 15.1 ,        1535.7 
 15.12 ,       1526.9 
 15.14 ,       1526.9 
 15.16 ,       1526.9 
 15.18 ,       1523.9 
 15.2 ,        1526.9 
 15.22 ,       1523.9 
 15.24 ,       1529.8 
 15.26 ,       1526.9 
 15.28 ,       1523.9 
 15.3 ,        1526.9 
 15.32 ,       1523.9 
 15.34 ,       1526.9 
 15.36 ,       1529.8 
 15.38 ,       1529.8 
 15.4 ,        1532.8 
 15.42 ,       1529.8 
 15.44 ,       1526.9 
 15.46 ,       1535.7 
 15.48 ,       1532.8 
 15.5 ,        1532.8 
 15.52 ,       1532.8 
 15.54 ,       1532.8 
 15.56 ,       1535.7 
 15.58 ,       1535.7 
 15.6 ,        1535.7 
 15.62 ,       1535.7 
 15.64 ,       1538.6 
 15.66 ,       1538.6 
 15.68 ,       1538.6 
 15.7 ,        1535.7 
 15.72 ,       1538.6 
 15.74 ,       1541.6 
 15.76 ,       1541.6 
 15.78 ,       1538.6 
 15.8 ,        1535.7 
 15.82 ,       1541.6 
 15.84 ,       1538.6 
 15.86 ,       1538.6 
 15.88 ,       1541.6 
 15.9 ,        1538.6 
 15.92 ,       1538.6 
 15.94 ,       1535.7 
 15.96 ,       1541.6 
 15.98 ,       1535.7 
 16 ,          1535.7 
 16.02 ,       1535.7 
 16.04 ,       1535.7 
 16.06 ,       1535.7 
 16.08 ,       1532.8 
 16.1 ,        1538.6 
 16.12 ,       1535.7 
 16.14 ,       1535.7 
 16.16 ,       1535.7 
 16.18 ,       1535.7 
 16.2 ,        1532.8 
 16.22 ,       1529.8 
 16.24 ,       1529.8 
 16.26 ,       1529.8 
 16.28 ,       1532.8 
 16.3 ,        1532.8 
 16.32 ,       1529.8 
 16.34 ,       1529.8 
 16.36 ,       1529.8 
 16.38 ,       1532.8 
 16.4 ,        1529.8 
 16.42 ,       1529.8 
 16.44 ,       1529.8 
 16.46 ,       1532.8 
 16.48 ,       1532.8 
 16.5 ,        1529.8 
 16.52 ,       1532.8 
 16.54 ,       1529.8 
 16.56 ,       1538.6 
 16.58 ,       1535.7 
 16.6 ,        1535.7 
 16.62 ,       1532.8 
 16.64 ,       1535.7 
 16.66 ,       1541.6 
 16.68 ,       1535.7 
 16.7 ,        1535.7 
 16.72 ,       1538.6 
 16.74 ,       1538.6 
 16.76 ,       1538.6 
 16.78 ,       1535.7 
 16.8 ,        1535.7 
 16.82 ,       1538.6 
 16.84 ,       1541.6 
 16.86 ,       1538.6 
 16.88 ,       1547.5 
 16.9 ,        1544.5 
 16.92 ,       1538.6 
 16.94 ,       1538.6 
 16.96 ,       1538.6 
 16.98 ,       1538.6 
 17 ,          1544.5 
 17.02 ,       1544.5 
 17.04 ,       1547.5 
 17.06 ,       1541.6 
 17.08 ,       1538.6 
 17.1 ,        1538.6 
 17.12 ,       1538.6 
 17.14 ,       1538.6 
 17.16 ,       1541.6 
 17.18 ,       1544.5 
 17.2 ,        1541.6 
 17.22 ,       1538.6 
 17.24 ,       1538.6 
 17.26 ,       1538.6 
 17.28 ,       1538.6 
 17.3 ,        1535.7 
 17.32 ,       1538.6 
 17.34 ,       1538.6 
 17.36 ,       1535.7 
 17.38 ,       1535.7 
 17.4 ,        1535.7 
 17.42 ,       1535.7 
 17.44 ,       1532.8 
 17.46 ,       1538.6 
 17.48 ,       1538.6 
 17.5 ,        1535.7 
 17.52 ,       1529.8 
 17.54 ,       1532.8 
 17.56 ,       1529.8 
 17.58 ,       1529.8 
 17.6 ,        1535.7 
 17.62 ,       1532.8 
 17.64 ,       1532.8 
 17.66 ,       1532.8 
 17.68 ,       1532.8 
 17.7 ,        1529.8 
 17.72 ,       1535.7 
 17.74 ,       1529.8 
 17.76 ,       1529.8 
 17.78 ,       1526.9 
 17.8 ,        1532.8 
 17.82 ,       1529.8 
 17.84 ,       1529.8 
 17.86 ,       1529.8 
 17.88 ,       1529.8 
 17.9 ,        1529.8 
 17.92 ,       1532.8 
 17.94 ,       1532.8 
 17.96 ,       1529.8 
 17.98 ,       1529.8 
 18 ,          1529.8 
 18.02 ,       1529.8 
 18.04 ,       1529.8 
 18.06 ,       1529.8 
 18.08 ,       1535.7 
 18.1 ,        1535.7 
 18.12 ,       1529.8 
 18.14 ,       1529.8 
 18.16 ,       1529.8 
 18.18 ,       1535.7 
 18.2 ,        1532.8 
 18.22 ,       1529.8 
 18.24 ,       1529.8 
 18.26 ,       1529.8 
 18.28 ,       1529.8 
 18.3 ,        1529.8 
 18.32 ,       1529.8 
 18.34 ,       1529.8 
 18.36 ,       1532.8 
 18.38 ,       1529.8 
 18.4 ,        1529.8 
 18.42 ,       1526.9 
 18.44 ,       1523.9 
 18.46 ,       1526.9 
 18.48 ,       1526.9 
 18.5 ,        1523.9 
 18.52 ,       1526.9 
 18.54 ,       1523.9 
 18.56 ,       1523.9 
 18.58 ,       1523.9 
 18.6 ,        1526.9 
 18.62 ,       1526.9 
 18.64 ,       1523.9 
 18.66 ,       1523.9 
 18.68 ,       1523.9 
 18.7 ,        1521 
 18.72 ,       1518 
 18.74 ,       1521 
 18.76 ,       1515.1 
 18.78 ,       1523.9 
 18.8 ,        1521 
 18.82 ,       1518 
 18.84 ,       1515.1 
 18.86 ,       1515.1 
 18.88 ,       1515.1 
 18.9 ,        1515.1 
 18.92 ,       1515.1 
 18.94 ,       1515.1 
 18.96 ,       1512.2 
 18.98 ,       1515.1 
 19 ,          1515.1 
 19.02 ,       1512.2 
 19.04 ,       1512.2 
 19.06 ,       1512.2 
 19.08 ,       1515.1 
 19.1 ,        1515.1 
 19.12 ,       1512.2 
 19.14 ,       1512.2 
 19.16 ,       1512.2 
 19.18 ,       1512.2 
 19.2 ,        1515.1 
 19.22 ,       1512.2 
 19.24 ,       1512.2 
 19.26 ,       1512.2 
 19.28 ,       1512.2 
 19.3 ,        1509.2 
 19.32 ,       1515.1 
 19.34 ,       1515.1 
 19.36 ,       1512.2 
 19.38 ,       1512.2 
 19.4 ,        1512.2 
 19.42 ,       1509.2 
 19.44 ,       1509.2 
 19.46 ,       1515.1 
 19.48 ,       1512.2 
 19.5 ,        1512.2 
 19.52 ,       1512.2 
 19.54 ,       1518 
 19.56 ,       1512.2 
 19.58 ,       1509.2 
 19.6 ,        1509.2 
 19.62 ,       1506.3 
 19.64 ,       1509.2 
 19.66 ,       1512.2 
 19.68 ,       1506.3 
 19.7 ,        1512.2 
 19.72 ,       1509.2 
 19.74 ,       1506.3 
 19.76 ,       1503.3 
 19.78 ,       1503.3 
 19.8 ,        1500.4 
 19.82 ,       1506.3 
 19.84 ,       1503.3 
 19.86 ,       1503.3 
 19.88 ,       1503.3 
 19.9 ,        1503.3 
 19.92 ,       1500.4 
 19.94 ,       1500.4 
 19.96 ,       1497.5 
 19.98 ,       1500.4 
 20 ,          1500.4 
 20.02 ,       1497.5 
 20.04 ,       1497.5 
 20.06 ,       1494.5 
 20.08 ,       1494.5 
 20.1 ,        1494.5 
 20.12 ,       1494.5 
 20.14 ,       1494.5 
 20.16 ,       1491.6 
 20.18 ,       1491.6 
 20.2 ,        1494.5 
 20.22 ,       1494.5 
 20.24 ,       1491.6 
 20.26 ,       1491.6 
 20.28 ,       1497.5 
 20.3 ,        1500.4 
 20.32 ,       1497.5 
 20.34 ,       1494.5 
 20.36 ,       1491.6 
 20.38 ,       1494.5 
 20.4 ,        1494.5 
 20.42 ,       1497.5 
 20.44 ,       1494.5 
 20.46 ,       1494.5 
 20.48 ,       1497.5 
 20.5 ,        1506.3 
 20.52 ,       1506.3 
 20.54 ,       1509.2 
 20.56 ,       1512.2 
 20.58 ,       1515.1 
 20.6 ,        1518 
 20.62 ,       1512.2 
 20.64 ,       1515.1 
 20.66 ,       1515.1 
 20.68 ,       1521 
 20.7 ,        1521 
 20.72 ,       1523.9 
 20.74 ,       1523.9 
 20.76 ,       1521 
 20.78 ,       1523.9 
 20.8 ,        1521 
 20.82 ,       1523.9 
 20.84 ,       1523.9 
 20.86 ,       1523.9 
 20.88 ,       1529.8 
 20.9 ,        1529.8 
 20.92 ,       1529.8 
 20.94 ,       1535.7 
 20.96 ,       1529.8 
 20.98 ,       1526.9 
 21 ,          1532.8 
 21.02 ,       1529.8 
 21.04 ,       1529.8 
 21.06 ,       1529.8 
 21.08 ,       1529.8 
 21.1 ,        1529.8 
 21.12 ,       1529.8 
 21.14 ,       1529.8 
 21.16 ,       1529.8 
 21.18 ,       1535.7 
 21.2 ,        1529.8 
 21.22 ,       1529.8 
 21.24 ,       1532.8 
 21.26 ,       1532.8 
 21.28 ,       1529.8 
 21.3 ,        1535.7 
 21.32 ,       1529.8 
 21.34 ,       1529.8 
 21.36 ,       1532.8 
 21.38 ,       1532.8 
 21.4 ,        1529.8 
 21.42 ,       1535.7 
 21.44 ,       1529.8 
 21.46 ,       1535.7 
 21.48 ,       1529.8 
 21.5 ,        1526.9 
 21.52 ,       1529.8 
 21.54 ,       1532.8 
 21.56 ,       1529.8 
 21.58 ,       1532.8 
 21.6 ,        1532.8 
 21.62 ,       1529.8 
 21.64 ,       1526.9 
 21.66 ,       1526.9 
 21.68 ,       1535.7 
 21.7 ,        1529.8 
 21.72 ,       1529.8 
 21.74 ,       1529.8 
 21.76 ,       1529.8 
 21.78 ,       1526.9 
 21.8 ,        1529.8 
 21.82 ,       1529.8 
 21.84 ,       1526.9 
 21.86 ,       1529.8 
 21.88 ,       1526.9 
 21.9 ,        1526.9 
 21.92 ,       1532.8 
 21.94 ,       1529.8 
 21.96 ,       1529.8 
 21.98 ,       1529.8 
 22 ,          1529.8 
 22.02 ,       1526.9 
 22.04 ,       1526.9 
 22.06 ,       1529.8 
 22.08 ,       1526.9 
 22.1 ,        1529.8 
 22.12 ,       1535.7 
 22.14 ,       1532.8 
 22.16 ,       1532.8 
 22.18 ,       1529.8 
 22.2 ,        1529.8 
 22.22 ,       1529.8 
 22.24 ,       1535.7 
 22.26 ,       1532.8 
 22.28 ,       1535.7 
 22.3 ,        1538.6 
 22.32 ,       1535.7 
 22.34 ,       1538.6 
 22.36 ,       1535.7 
 22.38 ,       1538.6 
 22.4 ,        1535.7 
 22.42 ,       1535.7 
 22.44 ,       1535.7 
 22.46 ,       1535.7 
 22.48 ,       1535.7 
 22.5 ,        1535.7 
 22.52 ,       1538.6 
 22.54 ,       1535.7 
 22.56 ,       1535.7 
 22.58 ,       1538.6 
 22.6 ,        1538.6 
 22.62 ,       1535.7 
 22.64 ,       1535.7 
 22.66 ,       1535.7 
 22.68 ,       1538.6 
 22.7 ,        1532.8 
 22.72 ,       1535.7 
 22.74 ,       1532.8 
 22.76 ,       1532.8 
 22.78 ,       1535.7 
 22.8 ,        1532.8 
 22.82 ,       1532.8 
 22.84 ,       1532.8 
 22.86 ,       1532.8 
 22.88 ,       1535.7 
 22.9 ,        1529.8 
 22.92 ,       1529.8 
 22.94 ,       1526.9 
 22.96 ,       1529.8 
 22.98 ,       1526.9 
 23 ,          1526.9 
 23.02 ,       1526.9 
 23.04 ,       1532.8 
 23.06 ,       1532.8 
 23.08 ,       1529.8 
 23.1 ,        1526.9 
 23.12 ,       1523.9 
 23.14 ,       1526.9 
 23.16 ,       1523.9 
 23.18 ,       1523.9 
 23.2 ,        1526.9 
 23.22 ,       1526.9 
 23.24 ,       1523.9 
 23.26 ,       1526.9 
 23.28 ,       1523.9 
 23.3 ,        1526.9 
 23.32 ,       1523.9 
 23.34 ,       1523.9 
 23.36 ,       1529.8 
 23.38 ,       1523.9 
 23.4 ,        1523.9 
 23.42 ,       1523.9 
 23.44 ,       1532.8 
 23.46 ,       1529.8 
 23.48 ,       1523.9 
 23.5 ,        1529.8 
 23.52 ,       1529.8 
 23.54 ,       1526.9 
 23.56 ,       1523.9 
 23.58 ,       1529.8 
 23.6 ,        1529.8 
 23.62 ,       1529.8 
 23.64 ,       1526.9 
 23.66 ,       1532.8 
 23.68 ,       1529.8 
 23.7 ,        1526.9 
 23.72 ,       1532.8 
 23.74 ,       1529.8 
 23.76 ,       1526.9 
 23.78 ,       1532.8 
 23.8 ,        1529.8 
 23.82 ,       1523.9 
 23.84 ,       1523.9 
 23.86 ,       1529.8 
 23.88 ,       1523.9 
 23.9 ,        1523.9 
 23.92 ,       1523.9 
 23.94 ,       1529.8 
 23.96 ,       1523.9 
 23.98 ,       1529.8 
 24 ,          1529.8 
 24.02 ,       1523.9 
 24.04 ,       1523.9 
 24.06 ,       1523.9 
 24.08 ,       1526.9 
 24.1 ,        1526.9 
 24.12 ,       1526.9 
 24.14 ,       1529.8 
 24.16 ,       1523.9 
 24.18 ,       1523.9 
 24.2 ,        1523.9 
 24.22 ,       1526.9 
 24.24 ,       1523.9 
 24.26 ,       1523.9 
 24.28 ,       1523.9 
 24.3 ,        1529.8 
 24.32 ,       1526.9 
 24.34 ,       1523.9 
 24.36 ,       1523.9 
 24.38 ,       1529.8 
 24.4 ,        1523.9 
 24.42 ,       1523.9 
 24.44 ,       1526.9 
 24.46 ,       1529.8 
 24.48 ,       1523.9 
 24.5 ,        1529.8 
 24.52 ,       1526.9 
 24.54 ,       1526.9 
 24.56 ,       1526.9 
 24.58 ,       1529.8 
 24.6 ,        1532.8 
 24.62 ,       1529.8 
 24.64 ,       1532.8 
 24.66 ,       1529.8 
 24.68 ,       1532.8 
 24.7 ,        1529.8 
 24.72 ,       1535.7 
 24.74 ,       1535.7 
 24.76 ,       1535.7 
 24.78 ,       1532.8 
 24.8 ,        1535.7 
 24.82 ,       1535.7 
 24.84 ,       1535.7 
 24.86 ,       1538.6 
 24.88 ,       1532.8 
 24.9 ,        1535.7 
 24.92 ,       1541.6 
 24.94 ,       1535.7 
 24.96 ,       1535.7 
 24.98 ,       1535.7 
 25 ,          1538.6 
 25.02 ,       1538.6 
 25.04 ,       1535.7 
 25.06 ,       1535.7 
 25.08 ,       1535.7 
 25.1 ,        1535.7 
 25.12 ,       1538.6 
 25.14 ,       1538.6 
 25.16 ,       1535.7 
 25.18 ,       1535.7 
 25.2 ,        1535.7 
 25.22 ,       1535.7 
 25.24 ,       1538.6 
 25.26 ,       1535.7 
 25.28 ,       1535.7 
 25.3 ,        1535.7 
 25.32 ,       1532.8 
 25.34 ,       1532.8 
 25.36 ,       1538.6 
 25.38 ,       1535.7 
 25.4 ,        1532.8 
 25.42 ,       1532.8 
 25.44 ,       1535.7 
 25.46 ,       1535.7 
 25.48 ,       1532.8 
 25.5 ,        1532.8 
 25.52 ,       1535.7 
 25.54 ,       1529.8 
 25.56 ,       1529.8 
 25.58 ,       1532.8 
 25.6 ,        1529.8 
 25.62 ,       1535.7 
 25.64 ,       1535.7 
 25.66 ,       1529.8 
 25.68 ,       1529.8 
 25.7 ,        1535.7 
 25.72 ,       1532.8 
 25.74 ,       1535.7 
 25.76 ,       1532.8 
 25.78 ,       1535.7 
 25.8 ,        1535.7 
 25.82 ,       1535.7 
 25.84 ,       1532.8 
 25.86 ,       1538.6 
 25.88 ,       1535.7 
 25.9 ,        1535.7 
 25.92 ,       1538.6 
 25.94 ,       1535.7 
 25.96 ,       1541.6 
 25.98 ,       1541.6 
 26 ,          1535.7 
 26.02 ,       1544.5 
 26.04 ,       1541.6 
 26.06 ,       1538.6 
 26.08 ,       1544.5 
 26.1 ,        1541.6 
 26.12 ,       1541.6 
 26.14 ,       1541.6 
 26.16 ,       1541.6 
 26.18 ,       1538.6 
 26.2 ,        1538.6 
 26.22 ,       1547.5 
 26.24 ,       1547.5 
 26.26 ,       1541.6 
 26.28 ,       1541.6 
 26.3 ,        1541.6 
 26.32 ,       1538.6 
 26.34 ,       1544.5 
 26.36 ,       1541.6 
 26.38 ,       1541.6 
 26.4 ,        1538.6 
 26.42 ,       1538.6 
 26.44 ,       1538.6 
 26.46 ,       1538.6 
 26.48 ,       1538.6 
 26.5 ,        1538.6 
 26.52 ,       1538.6 
 26.54 ,       1538.6 
 26.56 ,       1535.7 
 26.58 ,       1538.6 
 26.6 ,        1538.6 
 26.62 ,       1535.7 
 26.64 ,       1532.8 
 26.66 ,       1532.8 
 26.68 ,       1532.8 
 26.7 ,        1532.8 
 26.72 ,       1541.6 
 26.74 ,       1535.7 
 26.76 ,       1535.7 
 26.78 ,       1532.8 
 26.8 ,        1535.7 
 26.82 ,       1535.7 
 26.84 ,       1532.8 
 26.86 ,       1532.8 
 26.88 ,       1532.8 
 26.9 ,        1529.8 
 26.92 ,       1529.8 
 26.94 ,       1532.8 
 26.96 ,       1529.8 
 26.98 ,       1529.8 
 27 ,          1532.8 
 27.02 ,       1532.8 
 27.04 ,       1529.8 
 27.06 ,       1535.7 
 27.08 ,       1532.8 
 27.1 ,        1532.8 
 27.12 ,       1529.8 
 27.14 ,       1535.7 
 27.16 ,       1529.8 
 27.18 ,       1529.8 
 27.2 ,        1535.7 
 27.22 ,       1532.8 
 27.24 ,       1532.8 
 27.26 ,       1529.8 
 27.28 ,       1538.6 
 27.3 ,        1535.7 
 27.32 ,       1532.8 
 27.34 ,       1532.8 
 27.36 ,       1538.6 
 27.38 ,       1535.7 
 27.4 ,        1532.8 
 27.42 ,       1535.7 
 27.44 ,       1529.8 
 27.46 ,       1535.7 
 27.48 ,       1532.8 
 27.5 ,        1532.8 
 27.52 ,       1529.8 
 27.54 ,       1529.8 
 27.56 ,       1532.8 
 27.58 ,       1529.8 
 27.6 ,        1529.8 
 27.62 ,       1532.8 
 27.64 ,       1529.8 
 27.66 ,       1526.9 
 27.68 ,       1523.9 
 27.7 ,        1526.9 
 27.72 ,       1529.8 
 27.74 ,       1526.9 
 27.76 ,       1535.7 
 27.78 ,       1526.9 
 27.8 ,        1526.9 
 27.82 ,       1523.9 
 27.84 ,       1523.9 
 27.86 ,       1529.8 
 27.88 ,       1526.9 
 27.9 ,        1523.9 
 27.92 ,       1521 
 27.94 ,       1521 
 27.96 ,       1523.9 
 27.98 ,       1521 
 28 ,          1521 
 28.02 ,       1521 
 28.04 ,       1521 
 28.06 ,       1518 
 28.08 ,       1521 
 28.1 ,        1518 
 28.12 ,       1515.1 
 28.14 ,       1515.1 
 28.16 ,       1518 
 28.18 ,       1518 
 28.2 ,        1515.1 
 28.22 ,       1518 
 28.24 ,       1515.1 
 28.26 ,       1515.1 
 28.28 ,       1518 
 28.3 ,        1515.1 
 28.32 ,       1512.2 
 28.34 ,       1512.2 
 28.36 ,       1512.2 
 28.38 ,       1512.2 
 28.4 ,        1512.2 
 28.42 ,       1512.2 
 28.44 ,       1512.2 
 28.46 ,       1512.2 
 28.48 ,       1512.2 
 28.5 ,        1515.1 
 28.52 ,       1515.1 
 28.54 ,       1512.2 
 28.56 ,       1512.2 
 28.58 ,       1512.2 
 28.6 ,        1512.2 
 28.62 ,       1515.1 
 28.64 ,       1512.2 
 28.66 ,       1509.2 
 28.68 ,       1509.2 
 28.7 ,        1509.2 
 28.72 ,       1515.1 
 28.74 ,       1512.2 
 28.76 ,       1509.2 
 28.78 ,       1512.2 
 28.8 ,        1512.2 
 28.82 ,       1506.3 
 28.84 ,       1509.2 
 28.86 ,       1506.3 
 28.88 ,       1506.3 
 28.9 ,        1509.2 
 28.92 ,       1506.3 
 28.94 ,       1506.3 
 28.96 ,       1503.3 
 28.98 ,       1506.3 
 29 ,          1506.3 
 29.02 ,       1503.3 
 29.04 ,       1503.3 
 29.06 ,       1500.4 
 29.08 ,       1506.3 
 29.1 ,        1500.4 
 29.12 ,       1506.3 
 29.14 ,       1500.4 
 29.16 ,       1497.5 
 29.18 ,       1497.5 
 29.2 ,        1497.5 
 29.22 ,       1497.5 
 29.24 ,       1497.5 
 29.26 ,       1500.4 
 29.28 ,       1497.5 
 29.3 ,        1494.5 
 29.32 ,       1500.4 
 29.34 ,       1494.5 
 29.36 ,       1497.5 
 29.38 ,       1491.6 
 29.4 ,        1494.5 
 29.42 ,       1494.5 
 29.44 ,       1494.5 
 29.46 ,       1494.5 
 29.48 ,       1494.5 
 29.5 ,        1494.5 
 29.52 ,       1494.5 
 29.54 ,       1497.5 
 29.56 ,       1491.6 
 29.58 ,       1497.5 
 29.6 ,        1491.6 
 29.62 ,       1497.5 
 29.64 ,       1497.5 
 29.66 ,       1494.5 
 29.68 ,       1503.3 
 29.7 ,        1500.4 
 29.72 ,       1506.3 
 29.74 ,       1509.2 
 29.76 ,       1515.1 
 29.78 ,       1515.1 
 29.8 ,        1512.2 
 29.82 ,       1518 
 29.84 ,       1515.1 
 29.86 ,       1523.9 
 29.88 ,       1521 
 29.9 ,        1518 
 29.92 ,       1518 
 29.94 ,       1523.9 
 29.96 ,       1523.9 
 29.98 ,       1518 
 30 ,          1523.9 
 30.02 ,       1523.9 
 30.04 ,       1529.8 
 30.06 ,       1529.8 
 30.08 ,       1526.9 
 30.1 ,        1526.9 
 30.12 ,       1529.8 
 30.14 ,       1529.8 
 30.16 ,       1529.8 
 30.18 ,       1526.9 
 30.2 ,        1529.8 
 30.22 ,       1529.8 
 30.24 ,       1532.8 
 30.26 ,       1529.8 
 30.28 ,       1532.8 
 30.3 ,        1529.8 
 30.32 ,       1529.8 
 30.34 ,       1532.8 
 30.36 ,       1529.8 
 30.38 ,       1532.8 
 30.4 ,        1535.7 
 30.42 ,       1532.8 
 30.44 ,       1529.8 
 30.46 ,       1529.8 
 30.48 ,       1535.7 
 30.5 ,        1532.8 
 30.52 ,       1532.8 
 30.54 ,       1532.8 
 30.56 ,       1538.6 
 30.58 ,       1532.8 
 30.6 ,        1538.6 
 30.62 ,       1535.7 
 30.64 ,       1532.8 
 30.66 ,       1529.8 
 30.68 ,       1535.7 
 30.7 ,        1532.8 
 30.72 ,       1529.8 
 30.74 ,       1532.8 
 30.76 ,       1532.8 
 30.78 ,       1529.8 
 30.8 ,        1535.7 
 30.82 ,       1529.8 
 30.84 ,       1529.8 
 30.86 ,       1532.8 
 30.88 ,       1529.8 
 30.9 ,        1532.8 
 30.92 ,       1532.8 
 30.94 ,       1526.9 
 30.96 ,       1535.7 
 30.98 ,       1529.8 
 31 ,          1529.8 
 31.02 ,       1529.8 
 31.04 ,       1529.8 
 31.06 ,       1526.9 
 31.08 ,       1529.8 
 31.1 ,        1529.8 
 31.12 ,       1529.8 
 31.14 ,       1526.9 
 31.16 ,       1532.8 
 31.18 ,       1532.8 
 31.2 ,        1529.8 
 31.22 ,       1529.8 
 31.24 ,       1535.7 
 31.26 ,       1532.8 
 31.28 ,       1529.8 
 31.3 ,        1535.7 
 31.32 ,       1529.8 
 31.34 ,       1529.8 
 31.36 ,       1532.8 
 31.38 ,       1529.8 
 31.4 ,        1529.8 
 31.42 ,       1535.7 
 31.44 ,       1535.7 
 31.46 ,       1532.8 
 31.48 ,       1532.8 
 31.5 ,        1538.6 
 31.52 ,       1535.7 
 31.54 ,       1535.7 
 31.56 ,       1535.7 
 31.58 ,       1538.6 
 31.6 ,        1535.7 
 31.62 ,       1538.6 
 31.64 ,       1535.7 
 31.66 ,       1535.7 
 31.68 ,       1538.6 
 31.7 ,        1535.7 
 31.72 ,       1538.6 
 31.74 ,       1538.6 
 31.76 ,       1535.7 
 31.78 ,       1535.7 
 31.8 ,        1538.6 
 31.82 ,       1538.6 
 31.84 ,       1535.7 
 31.86 ,       1535.7 
 31.88 ,       1538.6 
 31.9 ,        1538.6 
 31.92 ,       1535.7 
 31.94 ,       1538.6 
 31.96 ,       1535.7 
 31.98 ,       1532.8 
 32 ,          1532.8 
 32.02 ,       1535.7 
 32.04 ,       1535.7 
 32.06 ,       1529.8 
 32.08 ,       1535.7 
 32.1 ,        1535.7 
 32.12 ,       1529.8 
 32.14 ,       1532.8 
 32.16 ,       1529.8 
 32.18 ,       1529.8 
 32.2 ,        1535.7 
 32.22 ,       1529.8 
 32.24 ,       1526.9 
 32.26 ,       1529.8 
 32.28 ,       1526.9 
 32.3 ,        1526.9 
 32.32 ,       1529.8 
 32.34 ,       1526.9 
 32.36 ,       1526.9 
 32.38 ,       1526.9 
 32.4 ,        1526.9 
 32.42 ,       1529.8 
 32.44 ,       1529.8 
 32.46 ,       1526.9 
 32.48 ,       1526.9 
 32.5 ,        1529.8 
 32.52 ,       1523.9 
 32.54 ,       1532.8 
 32.56 ,       1523.9 
 32.58 ,       1532.8 
 32.6 ,        1529.8 
 32.62 ,       1523.9 
 32.64 ,       1529.8 
 32.66 ,       1526.9 
 32.68 ,       1532.8 
 32.7 ,        1529.8 
 32.72 ,       1532.8 
 32.74 ,       1529.8 
 32.76 ,       1526.9 
 32.78 ,       1529.8 
 32.8 ,        1523.9 
 32.82 ,       1526.9 
 32.84 ,       1529.8 
 32.86 ,       1529.8 
 32.88 ,       1529.8 
 32.9 ,        1532.8 
 32.92 ,       1529.8 
 32.94 ,       1529.8 
 32.96 ,       1529.8 
 32.98 ,       1535.7 
 33 ,          1529.8 
 33.02 ,       1523.9 
 33.04 ,       1526.9 
 33.06 ,       1526.9 
 33.08 ,       1529.8 
 33.1 ,        1523.9 
 33.12 ,       1529.8 
 33.14 ,       1526.9 
 33.16 ,       1523.9 
 33.18 ,       1523.9 
 33.2 ,        1529.8 
 33.22 ,       1523.9 
 33.24 ,       1523.9 
 33.26 ,       1529.8 
 33.28 ,       1526.9 
 33.3 ,        1532.8 
 33.32 ,       1526.9 
 33.34 ,       1526.9 
 33.36 ,       1526.9 
 33.38 ,       1532.8 
 33.4 ,        1529.8 
 33.42 ,       1526.9 
 33.44 ,       1529.8 
 33.46 ,       1526.9 
 33.48 ,       1526.9 
 33.5 ,        1529.8 
 33.52 ,       1529.8 
 33.54 ,       1526.9 
 33.56 ,       1526.9 
 33.58 ,       1529.8 
 33.6 ,        1526.9 
 33.62 ,       1526.9 
 33.64 ,       1529.8 
 33.66 ,       1529.8 
 33.68 ,       1532.8 
 33.7 ,        1529.8 
 33.72 ,       1529.8 
 33.74 ,       1529.8 
 33.76 ,       1535.7 
 33.78 ,       1532.8 
 33.8 ,        1532.8 
 33.82 ,       1532.8 
 33.84 ,       1535.7 
 33.86 ,       1532.8 
 33.88 ,       1544.5 
 33.9 ,        1532.8 
 33.92 ,       1532.8 
 33.94 ,       1538.6 
 33.96 ,       1538.6 
 33.98 ,       1535.7 
 34 ,          1535.7 
 34.02 ,       1538.6 
 34.04 ,       1535.7 
 34.06 ,       1538.6 
 34.08 ,       1541.6 
 34.1 ,        1538.6 
 34.12 ,       1541.6 
 34.14 ,       1538.6 
 34.16 ,       1538.6 
 34.18 ,       1538.6 
 34.2 ,        1538.6 
 34.22 ,       1544.5 
 34.24 ,       1544.5 
 34.26 ,       1538.6 
 34.28 ,       1535.7 
 34.3 ,        1538.6 
 34.32 ,       1541.6 
 34.34 ,       1538.6 
 34.36 ,       1538.6 
 34.38 ,       1535.7 
 34.4 ,        1541.6 
 34.42 ,       1538.6 
 34.44 ,       1535.7 
 34.46 ,       1538.6 
 34.48 ,       1538.6 
 34.5 ,        1535.7 
 34.52 ,       1535.7 
 34.54 ,       1538.6 
 34.56 ,       1538.6 
 34.58 ,       1535.7 
 34.6 ,        1532.8 
 34.62 ,       1538.6 
 34.64 ,       1538.6 
 34.66 ,       1535.7 
 34.68 ,       1532.8 
 34.7 ,        1532.8 
 34.72 ,       1529.8 
 34.74 ,       1535.7 
 34.76 ,       1535.7 
 34.78 ,       1532.8 
 34.8 ,        1532.8 
 34.82 ,       1532.8 
 34.84 ,       1532.8 
 34.86 ,       1535.7 
 34.88 ,       1535.7 
 34.9 ,        1535.7 
 34.92 ,       1538.6 
 34.94 ,       1535.7 
 34.96 ,       1535.7 
 34.98 ,       1535.7 
 35 ,          1535.7 
 35.02 ,       1538.6 
 35.04 ,       1538.6 
 35.06 ,       1535.7 
 35.08 ,       1541.6 
 35.1 ,        1535.7 
 35.12 ,       1538.6 
 35.14 ,       1541.6 
 35.16 ,       1538.6 
 35.18 ,       1547.5 
 35.2 ,        1547.5 
 35.22 ,       1538.6 
 35.24 ,       1541.6 
 35.26 ,       1541.6 
 35.28 ,       1541.6 
 35.3 ,        1544.5 
 35.32 ,       1541.6 
 35.34 ,       1541.6 
 35.36 ,       1547.5 
 35.38 ,       1541.6 
 35.4 ,        1547.5 
 35.42 ,       1541.6 
 35.44 ,       1541.6 
 35.46 ,       1544.5 
 35.48 ,       1544.5 
 35.5 ,        1541.6 
 35.52 ,       1559.2 
 35.54 ,       1544.5 
 35.56 ,       1541.6 
 35.58 ,       1547.5 
 35.6 ,        1544.5 
 35.62 ,       1541.6 
 35.64 ,       1544.5 
 35.66 ,       1544.5 
 35.68 ,       1538.6 
 35.7 ,        1544.5 
 35.72 ,       1541.6 
 35.74 ,       1538.6 
 35.76 ,       1547.5 
 35.78 ,       1541.6 
 35.8 ,        1538.6 
 35.82 ,       1538.6 
 35.84 ,       1538.6 
 35.86 ,       1535.7 
 35.88 ,       1538.6 
 35.9 ,        1538.6 
 35.92 ,       1532.8 
 35.94 ,       1538.6 
 35.96 ,       1535.7 
 35.98 ,       1535.7 
 36 ,          1535.7 
 36.02 ,       1532.8 
 36.04 ,       1535.7 
 36.06 ,       1532.8 
 36.08 ,       1532.8 
 36.1 ,        1538.6 
 36.12 ,       1535.7 
 36.14 ,       1535.7 
 36.16 ,       1529.8 
 36.18 ,       1535.7 
 36.2 ,        1532.8 
 36.22 ,       1535.7 
 36.24 ,       1532.8 
 36.26 ,       1532.8 
 36.28 ,       1535.7 
 36.3 ,        1529.8 
 36.32 ,       1535.7 
 36.34 ,       1532.8 
 36.36 ,       1535.7 
 36.38 ,       1532.8 
 36.4 ,        1535.7 
 36.42 ,       1532.8 
 36.44 ,       1529.8 
 36.46 ,       1535.7 
 36.48 ,       1532.8 
 36.5 ,        1529.8 
 36.52 ,       1535.7 
 36.54 ,       1535.7 
 36.56 ,       1532.8 
 36.58 ,       1538.6 
 36.6 ,        1535.7 
 36.62 ,       1532.8 
 36.64 ,       1535.7 
 36.66 ,       1535.7 
 36.68 ,       1529.8 
 36.7 ,        1529.8 
 36.72 ,       1532.8 
 36.74 ,       1532.8 
 36.76 ,       1535.7 
 36.78 ,       1529.8 
 36.8 ,        1529.8 
 36.82 ,       1532.8 
 36.84 ,       1529.8 
 36.86 ,       1529.8 
 36.88 ,       1532.8 
 36.9 ,        1526.9 
 36.92 ,       1532.8 
 36.94 ,       1526.9 
 36.96 ,       1529.8 
 36.98 ,       1529.8 
 37 ,          1526.9 
 37.02 ,       1526.9 
 37.04 ,       1523.9 
 37.06 ,       1529.8 
 37.08 ,       1523.9 
 37.1 ,        1521 
 37.12 ,       1526.9 
 37.14 ,       1523.9 
 37.16 ,       1523.9 
 37.18 ,       1523.9 
 37.2 ,        1518 
 37.22 ,       1521 
 37.24 ,       1526.9 
 37.26 ,       1521 
 37.28 ,       1515.1 
 37.3 ,        1523.9 
 37.32 ,       1518 
 37.34 ,       1518 
 37.36 ,       1521 
 37.38 ,       1523.9 
 37.4 ,        1515.1 
 37.42 ,       1515.1 
 37.44 ,       1515.1 
 37.46 ,       1515.1 
 37.48 ,       1515.1 
 37.5 ,        1512.2 
 37.52 ,       1518 
 37.54 ,       1515.1 
 37.56 ,       1515.1 
 37.58 ,       1512.2 
 37.6 ,        1515.1 
 37.62 ,       1512.2 
 37.64 ,       1515.1 
 37.66 ,       1512.2 
 37.68 ,       1512.2 
 37.7 ,        1512.2 
 37.72 ,       1512.2 
 37.74 ,       1512.2 
 37.76 ,       1518 
 37.78 ,       1512.2 
 37.8 ,        1515.1 
 37.82 ,       1509.2 
 37.84 ,       1518 
 37.86 ,       1512.2 
 37.88 ,       1509.2 
 37.9 ,        1512.2 
 37.92 ,       1512.2 
 37.94 ,       1512.2 
 37.96 ,       1515.1 
 37.98 ,       1512.2 
 38 ,          1509.2 
 38.02 ,       1512.2 
 38.04 ,       1509.2 
 38.06 ,       1509.2 
 38.08 ,       1512.2 
 38.1 ,        1509.2 
 38.12 ,       1509.2 
 38.14 ,       1506.3 
 38.16 ,       1512.2 
 38.18 ,       1506.3 
 38.2 ,        1506.3 
 38.22 ,       1503.3 
 38.24 ,       1506.3 
 38.26 ,       1500.4 
 38.28 ,       1500.4 
 38.3 ,        1500.4 
 38.32 ,       1500.4 
 38.34 ,       1500.4 
 38.36 ,       1497.5 
 38.38 ,       1500.4 
 38.4 ,        1497.5 
 38.42 ,       1500.4 
 38.44 ,       1497.5 
 38.46 ,       1494.5 
 38.48 ,       1494.5 
 38.5 ,        1497.5 
 38.52 ,       1494.5 
 38.54 ,       1497.5 
 38.56 ,       1494.5 
 38.58 ,       1497.5 
 38.6 ,        1494.5 
 38.62 ,       1500.4 
 38.64 ,       1491.6 
 38.66 ,       1500.4 
 38.68 ,       1491.6 
 38.7 ,        1494.5 
 38.72 ,       1500.4 
 38.74 ,       1494.5 
 38.76 ,       1497.5 
 38.78 ,       1494.5 
 38.8 ,        1500.4 
 38.82 ,       1494.5 
 38.84 ,       1500.4 
 38.86 ,       1497.5 
 38.88 ,       1503.3 
 38.9 ,        1500.4 
 38.92 ,       1512.2 
 38.94 ,       1512.2 
 38.96 ,       1518 
 38.98 ,       1515.1 
 39 ,          1515.1 
 39.02 ,       1521 
 39.04 ,       1518 
 39.06 ,       1523.9 
 39.08 ,       1521 
 39.1 ,        1521 
 39.12 ,       1518 
 39.14 ,       1523.9 
 39.16 ,       1521 
 39.18 ,       1529.8 
 39.2 ,        1523.9 
 39.22 ,       1529.8 
 39.24 ,       1526.9 
 39.26 ,       1526.9 
 39.28 ,       1532.8 
 39.3 ,        1529.8 
 39.32 ,       1535.7 
 39.34 ,       1529.8 
 39.36 ,       1535.7 
 39.38 ,       1532.8 
 39.4 ,        1529.8 
 39.42 ,       1535.7 
 39.44 ,       1529.8 
 39.46 ,       1535.7 
 39.48 ,       1532.8 
 39.5 ,        1532.8 
 39.52 ,       1529.8 
 39.54 ,       1532.8 
 39.56 ,       1541.6 
 39.58 ,       1535.7 
 39.6 ,        1532.8 
 39.62 ,       1538.6 
 39.64 ,       1535.7 
 39.66 ,       1532.8 
 39.68 ,       1529.8 
 39.7 ,        1532.8 
 39.72 ,       1538.6 
 39.74 ,       1532.8 
 39.76 ,       1532.8 
 39.78 ,       1535.7 
 39.8 ,        1535.7 
 39.82 ,       1538.6 
 39.84 ,       1532.8 
 39.86 ,       1535.7 
 39.88 ,       1532.8 
 39.9 ,        1532.8 
 39.92 ,       1532.8 
 39.94 ,       1532.8 
 39.96 ,       1535.7 
 39.98 ,       1535.7 
 40 ,          1535.7 
 40.02 ,       1529.8 
 40.04 ,       1529.8 
 40.06 ,       1532.8 
 40.08 ,       1529.8 
 40.1 ,        1529.8 
 40.12 ,       1532.8 
 40.14 ,       1529.8 
 40.16 ,       1532.8 
 40.18 ,       1535.7 
 40.2 ,        1538.6 
 40.22 ,       1529.8 
 40.24 ,       1529.8 
 40.26 ,       1529.8 
 40.28 ,       1529.8 
 40.3 ,        1529.8 
 40.32 ,       1526.9 
 40.34 ,       1529.8 
 40.36 ,       1529.8 
 40.38 ,       1532.8 
 40.4 ,        1535.7 
 40.42 ,       1535.7 
 40.44 ,       1526.9 
 40.46 ,       1529.8 
 40.48 ,       1532.8 
 40.5 ,        1532.8 
 40.52 ,       1529.8 
 40.54 ,       1535.7 
 40.56 ,       1529.8 
 40.58 ,       1529.8 
 40.6 ,        1529.8 
 40.62 ,       1532.8 
 40.64 ,       1535.7 
 40.66 ,       1535.7 
 40.68 ,       1535.7 
 40.7 ,        1532.8 
 40.72 ,       1535.7 
 40.74 ,       1538.6 
 40.76 ,       1538.6 
 40.78 ,       1538.6 
 40.8 ,        1538.6 
 40.82 ,       1535.7 
 40.84 ,       1538.6 
 40.86 ,       1535.7 
 40.88 ,       1535.7 
 40.9 ,        1538.6 
 40.92 ,       1541.6 
 40.94 ,       1538.6 
 40.96 ,       1538.6 
 40.98 ,       1538.6 
 41 ,          1538.6 
 41.02 ,       1535.7 
 41.04 ,       1535.7 
 41.06 ,       1538.6 
 41.08 ,       1535.7 
 41.1 ,        1535.7 
 41.12 ,       1535.7 
 41.14 ,       1535.7 
 41.16 ,       1538.6 
 41.18 ,       1538.6 
 41.2 ,        1535.7 
 41.22 ,       1538.6 
 41.24 ,       1535.7 
 41.26 ,       1532.8 
 41.28 ,       1532.8 
 41.3 ,        1532.8 
 41.32 ,       1535.7 
 41.34 ,       1529.8 
 41.36 ,       1532.8 
 41.38 ,       1535.7 
 41.4 ,        1529.8 
 41.42 ,       1529.8 
 41.44 ,       1529.8 
 41.46 ,       1526.9 
 41.48 ,       1529.8 
 41.5 ,        1529.8 
 41.52 ,       1535.7 
 41.54 ,       1526.9 
 41.56 ,       1532.8 
 41.58 ,       1526.9 
 41.6 ,        1529.8 
 41.62 ,       1532.8 
 41.64 ,       1526.9 
 41.66 ,       1526.9 
 41.68 ,       1529.8 
 41.7 ,        1529.8 
 41.72 ,       1535.7 
 41.74 ,       1526.9 
 41.76 ,       1526.9 
 41.78 ,       1529.8 
 41.8 ,        1526.9 
 41.82 ,       1532.8 
 41.84 ,       1526.9 
 41.86 ,       1529.8 
 41.88 ,       1535.7 
 41.9 ,        1529.8 
 41.92 ,       1529.8 
 41.94 ,       1532.8 
 41.96 ,       1529.8 
 41.98 ,       1529.8 
 42 ,          1532.8 
 42.02 ,       1529.8 
 42.04 ,       1529.8 
 42.06 ,       1529.8 
 42.08 ,       1529.8 
 42.1 ,        1532.8 
 42.12 ,       1535.7 
 42.14 ,       1529.8 
 42.16 ,       1529.8 
 42.18 ,       1529.8 
 42.2 ,        1529.8 
 42.22 ,       1532.8 
 42.24 ,       1526.9 
 42.26 ,       1526.9 
 42.28 ,       1529.8 
 42.3 ,        1526.9 
 42.32 ,       1526.9 
 42.34 ,       1529.8 
 42.36 ,       1523.9 
 42.38 ,       1526.9 
 42.4 ,        1529.8 
 42.42 ,       1523.9 
 42.44 ,       1526.9 
 42.46 ,       1523.9 
 42.48 ,       1526.9 
 42.5 ,        1521 
 42.52 ,       1523.9 
 42.54 ,       1523.9 
 42.56 ,       1529.8 
 42.58 ,       1529.8 
 42.6 ,        1523.9 
 42.62 ,       1529.8 
 42.64 ,       1529.8 
 42.66 ,       1529.8 
 42.68 ,       1526.9 
 42.7 ,        1529.8 
 42.72 ,       1532.8 
 42.74 ,       1526.9 
 42.76 ,       1529.8 
 42.78 ,       1529.8 
 42.8 ,        1532.8 
 42.82 ,       1535.7 
 42.84 ,       1529.8 
 42.86 ,       1538.6 
 42.88 ,       1526.9 
 42.9 ,        1532.8 
 42.92 ,       1529.8 
 42.94 ,       1535.7 
 42.96 ,       1529.8 
 42.98 ,       1532.8 
 43 ,          1532.8 
 43.02 ,       1535.7 
 43.04 ,       1535.7 
 43.06 ,       1535.7 
 43.08 ,       1538.6 
 43.1 ,        1532.8 
 43.12 ,       1535.7 
 43.14 ,       1535.7 
 43.16 ,       1535.7 
 43.18 ,       1535.7 
 43.2 ,        1535.7 
 43.22 ,       1538.6 
 43.24 ,       1538.6 
 43.26 ,       1538.6 
 43.28 ,       1538.6 
 43.3 ,        1538.6 
 43.32 ,       1541.6 
 43.34 ,       1538.6 
 43.36 ,       1541.6 
 43.38 ,       1541.6 
 43.4 ,        1538.6 
 43.42 ,       1538.6 
 43.44 ,       1541.6 
 43.46 ,       1541.6 
 43.48 ,       1544.5 
 43.5 ,        1538.6 
 43.52 ,       1541.6 
 43.54 ,       1538.6 
 43.56 ,       1541.6 
 43.58 ,       1541.6 
 43.6 ,        1544.5 
 43.62 ,       1535.7 
 43.64 ,       1538.6 
 43.66 ,       1538.6 
 43.68 ,       1538.6 
 43.7 ,        1538.6 
 43.72 ,       1535.7 
 43.74 ,       1535.7 
 43.76 ,       1538.6 
 43.78 ,       1538.6 
 43.8 ,        1538.6 
 43.82 ,       1538.6 
 43.84 ,       1535.7 
 43.86 ,       1535.7 
 43.88 ,       1538.6 
 43.9 ,        1535.7 
 43.92 ,       1535.7 
 43.94 ,       1538.6 
 43.96 ,       1532.8 
 43.98 ,       1532.8 
 44 ,          1535.7 
 44.02 ,       1535.7 
 44.04 ,       1535.7 
 44.06 ,       1532.8 
 44.08 ,       1532.8 
 44.1 ,        1535.7 
 44.12 ,       1535.7 
 44.14 ,       1535.7 
 44.16 ,       1538.6 
 44.18 ,       1532.8 
 44.2 ,        1532.8 
 44.22 ,       1535.7 
 44.24 ,       1535.7 
 44.26 ,       1538.6 
 44.28 ,       1538.6 
 44.3 ,        1541.6 
 44.32 ,       1538.6 
 44.34 ,       1544.5 
 44.36 ,       1538.6 
 44.38 ,       1538.6 
 44.4 ,        1538.6 
 44.42 ,       1544.5 
 44.44 ,       1541.6 
 44.46 ,       1541.6 
 44.48 ,       1541.6 
 44.5 ,        1544.5 
 44.52 ,       1544.5 
 44.54 ,       1541.6 
 44.56 ,       1541.6 
 44.58 ,       1547.5 
 44.6 ,        1544.5 
 44.62 ,       1541.6 
 44.64 ,       1544.5 
 44.66 ,       1547.5 
 44.68 ,       1541.6 
 44.7 ,        1541.6 
 44.72 ,       1544.5 
 44.74 ,       1544.5 
 44.76 ,       1538.6 
 44.78 ,       1541.6 
 44.8 ,        1541.6 
 44.82 ,       1547.5 
 44.84 ,       1541.6 
 44.86 ,       1541.6 
 44.88 ,       1538.6 
 44.9 ,        1541.6 
 44.92 ,       1538.6 
 44.94 ,       1541.6 
 44.96 ,       1538.6 
 44.98 ,       1538.6 
 45 ,          1538.6 
 45.02 ,       1538.6 
 45.04 ,       1535.7 
 45.06 ,       1541.6 
 45.08 ,       1535.7 
 45.1 ,        1538.6 
 45.12 ,       1535.7 
 45.14 ,       1535.7 
 45.16 ,       1541.6 
 45.18 ,       1535.7 
 45.2 ,        1535.7 
 45.22 ,       1535.7 
 45.24 ,       1538.6 
 45.26 ,       1535.7 
 45.28 ,       1535.7 
 45.3 ,        1538.6 
 45.32 ,       1532.8 
 45.34 ,       1538.6 
 45.36 ,       1535.7 
 45.38 ,       1532.8 
 45.4 ,        1535.7 
 45.42 ,       1532.8 
 45.44 ,       1532.8 
 45.46 ,       1538.6 
 45.48 ,       1535.7 
 45.5 ,        1535.7 
 45.52 ,       1538.6 
 45.54 ,       1532.8 
 45.56 ,       1535.7 
 45.58 ,       1535.7 
 45.6 ,        1538.6 
 45.62 ,       1532.8 
 45.64 ,       1535.7 
 45.66 ,       1538.6 
 45.68 ,       1538.6 
 45.7 ,        1532.8 
 45.72 ,       1532.8 
 45.74 ,       1535.7 
 45.76 ,       1538.6 
 45.78 ,       1535.7 
 45.8 ,        1532.8 
 45.82 ,       1532.8 
 45.84 ,       1535.7 
 45.86 ,       1532.8 
 45.88 ,       1535.7 
 45.9 ,        1532.8 
 45.92 ,       1529.8 
 45.94 ,       1535.7 
 45.96 ,       1535.7 
 45.98 ,       1532.8 
 46 ,          1529.8 
 46.02 ,       1529.8 
 46.04 ,       1529.8 
 46.06 ,       1532.8 
 46.08 ,       1529.8 
 46.1 ,        1529.8 
 46.12 ,       1529.8 
 46.14 ,       1523.9 
 46.16 ,       1526.9 
 46.18 ,       1526.9 
 46.2 ,        1523.9 
 46.22 ,       1523.9 
 46.24 ,       1535.7 
 46.26 ,       1523.9 
 46.28 ,       1523.9 
 46.3 ,        1529.8 
 46.32 ,       1523.9 
 46.34 ,       1523.9 
 46.36 ,       1526.9 
 46.38 ,       1521 
 46.4 ,        1521 
 46.42 ,       1518 
 46.44 ,       1518 
 46.46 ,       1518 
 46.48 ,       1521 
 46.5 ,        1523.9 
 46.52 ,       1518 
 46.54 ,       1515.1 
 46.56 ,       1518 
 46.58 ,       1515.1 
 46.6 ,        1515.1 
 46.62 ,       1515.1 
 46.64 ,       1515.1 
 46.66 ,       1518 
 46.68 ,       1512.2 
 46.7 ,        1515.1 
 46.72 ,       1518 
 46.74 ,       1518 
 46.76 ,       1515.1 
 46.78 ,       1515.1 
 46.8 ,        1512.2 
 46.82 ,       1512.2 
 46.84 ,       1512.2 
 46.86 ,       1515.1 
 46.88 ,       1515.1 
 46.9 ,        1512.2 
 46.92 ,       1515.1 
 46.94 ,       1512.2 
 46.96 ,       1515.1 
 46.98 ,       1512.2 
 47 ,          1515.1 
 47.02 ,       1512.2 
 47.04 ,       1512.2 
 47.06 ,       1515.1 
 47.08 ,       1512.2 
 47.1 ,        1515.1 
 47.12 ,       1509.2 
 47.14 ,       1512.2 
 47.16 ,       1509.2 
 47.18 ,       1509.2 
 47.2 ,        1512.2 
 47.22 ,       1515.1 
 47.24 ,       1512.2 
 47.26 ,       1515.1 
 47.28 ,       1509.2 
 47.3 ,        1512.2 
 47.32 ,       1506.3 
 47.34 ,       1512.2 
 47.36 ,       1506.3 
 47.38 ,       1506.3 
 47.4 ,        1512.2 
 47.42 ,       1503.3 
 47.44 ,       1506.3 
 47.46 ,       1503.3 
 47.48 ,       1506.3 
 47.5 ,        1503.3 
 47.52 ,       1500.4 
 47.54 ,       1503.3 
 47.56 ,       1497.5 
 47.58 ,       1500.4 
 47.6 ,        1497.5 
 47.62 ,       1500.4 
 47.64 ,       1494.5 
 47.66 ,       1497.5 
 47.68 ,       1500.4 
 47.7 ,        1494.5 
 47.72 ,       1497.5 
 47.74 ,       1497.5 
 47.76 ,       1497.5 
 47.78 ,       1497.5 
 47.8 ,        1494.5 
 47.82 ,       1494.5 
 47.84 ,       1494.5 
 47.86 ,       1494.5 
 47.88 ,       1494.5 
 47.9 ,        1491.6 
 47.92 ,       1497.5 
 47.94 ,       1494.5 
 47.96 ,       1494.5 
 47.98 ,       1500.4 
 48 ,          1497.5 
 48.02 ,       1497.5 
 48.04 ,       1500.4 
 48.06 ,       1497.5 
 48.08 ,       1494.5 
 48.1 ,        1497.5 
 48.12 ,       1506.3 
 48.14 ,       1509.2 
 48.16 ,       1515.1 
 48.18 ,       1515.1 
 48.2 ,        1518 
 48.22 ,       1521 
 48.24 ,       1521 
 48.26 ,       1518 
 48.28 ,       1521 
 48.3 ,        1521 
 48.32 ,       1523.9 
 48.34 ,       1523.9 
 48.36 ,       1523.9 
 48.38 ,       1521 
 48.4 ,        1523.9 
 48.42 ,       1529.8 
 48.44 ,       1526.9 
 48.46 ,       1529.8 
 48.48 ,       1526.9 
 48.5 ,        1529.8 
 48.52 ,       1529.8 
 48.54 ,       1535.7 
 48.56 ,       1535.7 
 48.58 ,       1529.8 
 48.6 ,        1529.8 
 48.62 ,       1535.7 
 48.64 ,       1529.8 
 48.66 ,       1532.8 
 48.68 ,       1535.7 
 48.7 ,        1535.7 
 48.72 ,       1529.8 
 48.74 ,       1535.7 
 48.76 ,       1535.7 
 48.78 ,       1532.8 
 48.8 ,        1532.8 
 48.82 ,       1535.7 
 48.84 ,       1535.7 
 48.86 ,       1535.7 
 48.88 ,       1532.8 
 48.9 ,        1532.8 
 48.92 ,       1535.7 
 48.94 ,       1535.7 
 48.96 ,       1538.6 
 48.98 ,       1535.7 
 49 ,          1532.8 
 49.02 ,       1538.6 
 49.04 ,       1535.7 
 49.06 ,       1535.7 
 49.08 ,       1535.7 
 49.1 ,        1538.6 
 49.12 ,       1529.8 
 49.14 ,       1529.8 
 49.16 ,       1532.8 
 49.18 ,       1532.8 
 49.2 ,        1535.7 
 49.22 ,       1529.8 
 49.24 ,       1529.8 
 49.26 ,       1529.8 
 49.28 ,       1532.8 
 49.3 ,        1532.8 
 49.32 ,       1532.8 
 49.34 ,       1535.7 
 49.36 ,       1529.8 
 49.38 ,       1526.9 
 49.4 ,        1529.8 
 49.42 ,       1529.8 
 49.44 ,       1529.8 
 49.46 ,       1526.9 
 49.48 ,       1526.9 
 49.5 ,        1529.8 
 49.52 ,       1532.8 
 49.54 ,       1526.9 
 49.56 ,       1526.9 
 49.58 ,       1529.8 
 49.6 ,        1526.9 
 49.62 ,       1529.8 
 49.64 ,       1532.8 
 49.66 ,       1529.8 
 49.68 ,       1529.8 
 49.7 ,        1529.8 
 49.72 ,       1532.8 
 49.74 ,       1532.8 
 49.76 ,       1529.8 
 49.78 ,       1529.8 
 49.8 ,        1529.8 
 49.82 ,       1532.8 
 49.84 ,       1535.7 
 49.86 ,       1538.6 
 49.88 ,       1532.8 
 49.9 ,        1538.6 
 49.92 ,       1535.7 
 49.94 ,       1541.6 
 49.96 ,       1535.7 
 49.98 ,       1538.6 
 50 ,          1535.7 
 50.02 ,       1535.7 
 50.04 ,       1538.6 
 50.06 ,       1541.6 
 50.08 ,       1535.7 
 50.1 ,        1541.6 
 50.12 ,       1541.6 
 50.14 ,       1535.7 
 50.16 ,       1538.6 
 50.18 ,       1538.6 
 50.2 ,        1538.6 
 50.22 ,       1538.6 
 50.24 ,       1538.6 
 50.26 ,       1538.6 
 50.28 ,       1535.7 
 50.3 ,        1535.7 
 50.32 ,       1538.6 
 50.34 ,       1541.6 
 50.36 ,       1535.7 
 50.38 ,       1538.6 
 50.4 ,        1532.8 
 50.42 ,       1535.7 
 50.44 ,       1535.7 
 50.46 ,       1535.7 
 50.48 ,       1535.7 
 50.5 ,        1538.6 
 50.52 ,       1529.8 
 50.54 ,       1532.8 
 50.56 ,       1532.8 
 50.58 ,       1535.7 
 50.6 ,        1529.8 
 50.62 ,       1535.7 
 50.64 ,       1529.8 
 50.66 ,       1529.8 
 50.68 ,       1526.9 
 50.7 ,        1529.8 
 50.72 ,       1538.6 
 50.74 ,       1529.8 
 50.76 ,       1529.8 
 50.78 ,       1532.8 
 50.8 ,        1526.9 
 50.82 ,       1529.8 
 50.84 ,       1529.8 
 50.86 ,       1529.8 
 50.88 ,       1526.9 
 50.9 ,        1529.8 
 50.92 ,       1532.8 
 50.94 ,       1529.8 
 50.96 ,       1529.8 
 50.98 ,       1526.9 
 51 ,          1529.8 
 51.02 ,       1532.8 
 51.04 ,       1529.8 
 51.06 ,       1529.8 
 51.08 ,       1532.8 
 51.1 ,        1544.5 
 51.12 ,       1529.8 
 51.14 ,       1532.8 
 51.16 ,       1532.8 
 51.18 ,       1529.8 
 51.2 ,        1529.8 
 51.22 ,       1532.8 
 51.24 ,       1535.7 
 51.26 ,       1529.8 
 51.28 ,       1529.8 
 51.3 ,        1529.8 
 51.32 ,       1529.8 
 51.34 ,       1529.8 
 51.36 ,       1529.8 
 51.38 ,       1532.8 
 51.4 ,        1535.7 
 51.42 ,       1526.9 
 51.44 ,       1526.9 
 51.46 ,       1526.9 
 51.48 ,       1529.8 
 51.5 ,        1529.8 
 51.52 ,       1526.9 
 51.54 ,       1526.9 
 51.56 ,       1529.8 
 51.58 ,       1526.9 
 51.6 ,        1529.8 
 51.62 ,       1532.8 
 51.64 ,       1529.8 
 51.66 ,       1529.8 
 51.68 ,       1526.9 
 51.7 ,        1529.8 
 51.72 ,       1529.8 
 51.74 ,       1526.9 
 51.76 ,       1526.9 
 51.78 ,       1529.8 
 51.8 ,        1529.8 
 51.82 ,       1526.9 
 51.84 ,       1529.8 
 51.86 ,       1529.8 
 51.88 ,       1529.8 
 51.9 ,        1526.9 
 51.92 ,       1526.9 
 51.94 ,       1529.8 
 51.96 ,       1529.8 
 51.98 ,       1526.9 
 52 ,          1529.8 
 52.02 ,       1529.8 
 52.04 ,       1529.8 
 52.06 ,       1529.8 
 52.08 ,       1529.8 
 52.1 ,        1529.8 
 52.12 ,       1532.8 
 52.14 ,       1532.8 
 52.16 ,       1535.7 
 52.18 ,       1535.7 
 52.2 ,        1535.7 
 52.22 ,       1535.7 
 52.24 ,       1538.6 
 52.26 ,       1535.7 
 52.28 ,       1535.7 
 52.3 ,        1538.6 
 52.32 ,       1535.7 
 52.34 ,       1538.6 
 52.36 ,       1538.6 
 52.38 ,       1541.6 
 52.4 ,        1538.6 
 52.42 ,       1538.6 
 52.44 ,       1538.6 
 52.46 ,       1538.6 
 52.48 ,       1541.6 
 52.5 ,        1538.6 
 52.52 ,       1541.6 
 52.54 ,       1547.5 
 52.56 ,       1538.6 
 52.58 ,       1538.6 
 52.6 ,        1541.6 
 52.62 ,       1544.5 
 52.64 ,       1547.5 
 52.66 ,       1538.6 
 52.68 ,       1541.6 
 52.7 ,        1538.6 
 52.72 ,       1538.6 
 52.74 ,       1541.6 
 52.76 ,       1541.6 
 52.78 ,       1538.6 
 52.8 ,        1538.6 
 52.82 ,       1538.6 
 52.84 ,       1538.6 
 52.86 ,       1538.6 
 52.88 ,       1538.6 
 52.9 ,        1544.5 
 52.92 ,       1538.6 
 52.94 ,       1538.6 
 52.96 ,       1538.6 
 52.98 ,       1544.5 
 53 ,          1535.7 
 53.02 ,       1538.6 
 53.04 ,       1535.7 
 53.06 ,       1538.6 
 53.08 ,       1535.7 
 53.1 ,        1535.7 
 53.12 ,       1538.6 
 53.14 ,       1541.6 
 53.16 ,       1532.8 
 53.18 ,       1538.6 
 53.2 ,        1535.7 
 53.22 ,       1538.6 
 53.24 ,       1535.7 
 53.26 ,       1532.8 
 53.28 ,       1538.6 
 53.3 ,        1538.6 
 53.32 ,       1535.7 
 53.34 ,       1535.7 
 53.36 ,       1535.7 
 53.38 ,       1541.6 
 53.4 ,        1535.7 
 53.42 ,       1535.7 
 53.44 ,       1544.5 
 53.46 ,       1535.7 
 53.48 ,       1538.6 
 53.5 ,        1541.6 
 53.52 ,       1541.6 
 53.54 ,       1541.6 
 53.56 ,       1538.6 
 53.58 ,       1544.5 
 53.6 ,        1544.5 
 53.62 ,       1541.6 
 53.64 ,       1541.6 
 53.66 ,       1547.5 
 53.68 ,       1547.5 
 53.7 ,        1541.6 
 53.72 ,       1547.5 
 53.74 ,       1547.5 
 53.76 ,       1544.5 
 53.78 ,       1547.5 
 53.8 ,        1547.5 
 53.82 ,       1547.5 
 53.84 ,       1541.6 
 53.86 ,       1544.5 
 53.88 ,       1547.5 
 53.9 ,        1544.5 
 53.92 ,       1544.5 
 53.94 ,       1541.6 
 53.96 ,       1544.5 
 53.98 ,       1541.6 
 54 ,          1544.5 
 54.02 ,       1547.5 
 54.04 ,       1541.6 
 54.06 ,       1544.5 
 54.08 ,       1538.6 
 54.1 ,        1538.6 
 54.12 ,       1541.6 
 54.14 ,       1544.5 
 54.16 ,       1538.6 
 54.18 ,       1541.6 
 54.2 ,        1541.6 
 54.22 ,       1535.7 
 54.24 ,       1538.6 
 54.26 ,       1538.6 
 54.28 ,       1538.6 
 54.3 ,        1535.7 
 54.32 ,       1535.7 
 54.34 ,       1535.7 
 54.36 ,       1535.7 
 54.38 ,       1538.6 
 54.4 ,        1532.8 
 54.42 ,       1535.7 
 54.44 ,       1535.7 
 54.46 ,       1535.7 
 54.48 ,       1535.7 
 54.5 ,        1532.8 
 54.52 ,       1538.6 
 54.54 ,       1535.7 
 54.56 ,       1535.7 
 54.58 ,       1538.6 
 54.6 ,        1532.8 
 54.62 ,       1535.7 
 54.64 ,       1538.6 
 54.66 ,       1535.7 
 54.68 ,       1535.7 
 54.7 ,        1535.7 
 54.72 ,       1535.7 
 54.74 ,       1535.7 
 54.76 ,       1538.6 
 54.78 ,       1535.7 
 54.8 ,        1535.7 
 54.82 ,       1535.7 
 54.84 ,       1535.7 
 54.86 ,       1538.6 
 54.88 ,       1535.7 
 54.9 ,        1532.8 
 54.92 ,       1535.7 
 54.94 ,       1535.7 
 54.96 ,       1532.8 
 54.98 ,       1535.7 
 55 ,          1538.6 
 55.02 ,       1532.8 
 55.04 ,       1535.7 
 55.06 ,       1532.8 
 55.08 ,       1535.7 
 55.1 ,        1538.6 
 55.12 ,       1535.7 
 55.14 ,       1535.7 
 55.16 ,       1532.8 
 55.18 ,       1535.7 
 55.2 ,        1535.7 
 55.22 ,       1538.6 
 55.24 ,       1529.8 
 55.26 ,       1529.8 
 55.28 ,       1532.8 
 55.3 ,        1529.8 
 55.32 ,       1532.8 
 55.34 ,       1529.8 
 55.36 ,       1526.9 
 55.38 ,       1529.8 
 55.4 ,        1529.8 
 55.42 ,       1529.8 
 55.44 ,       1526.9 
 55.46 ,       1526.9 
 55.48 ,       1523.9 
 55.5 ,        1523.9 
 55.52 ,       1523.9 
 55.54 ,       1526.9 
 55.56 ,       1529.8 
 55.58 ,       1521 
 55.6 ,        1523.9 
 55.62 ,       1523.9 
 55.64 ,       1523.9 
 55.66 ,       1523.9 
 55.68 ,       1521 
 55.7 ,        1523.9 
 55.72 ,       1518 
 55.74 ,       1518 
 55.76 ,       1518 
 55.78 ,       1518 
 55.8 ,        1518 
 55.82 ,       1518 
 55.84 ,       1515.1 
 55.86 ,       1518 
 55.88 ,       1521 
 55.9 ,        1515.1 
 55.92 ,       1515.1 
 55.94 ,       1512.2 
 55.96 ,       1515.1 
 55.98 ,       1515.1 
 56 ,          1518 
 56.02 ,       1515.1 
 56.04 ,       1515.1 
 56.06 ,       1515.1 
 56.08 ,       1512.2 
 56.1 ,        1512.2 
 56.12 ,       1515.1 
 56.14 ,       1515.1 
 56.16 ,       1515.1 
 56.18 ,       1512.2 
 56.2 ,        1512.2 
 56.22 ,       1515.1 
 56.24 ,       1518 
 56.26 ,       1512.2 
 56.28 ,       1512.2 
 56.3 ,        1509.2 
 56.32 ,       1515.1 
 56.34 ,       1509.2 
 56.36 ,       1509.2 
 56.38 ,       1512.2 
 56.4 ,        1512.2 
 56.42 ,       1509.2 
 56.44 ,       1512.2 
 56.46 ,       1509.2 
 56.48 ,       1509.2 
 56.5 ,        1512.2 
 56.52 ,       1506.3 
 56.54 ,       1509.2 
 56.56 ,       1512.2 
 56.58 ,       1506.3 
 56.6 ,        1509.2 
 56.62 ,       1506.3 
 56.64 ,       1506.3 
 56.66 ,       1509.2 
 56.68 ,       1503.3 
 56.7 ,        1506.3 
 56.72 ,       1506.3 
 56.74 ,       1506.3 
 56.76 ,       1500.4 
 56.78 ,       1506.3 
 56.8 ,        1503.3 
 56.82 ,       1500.4 
 56.84 ,       1503.3 
 56.86 ,       1497.5 
 56.88 ,       1497.5 
 56.9 ,        1503.3 
 56.92 ,       1494.5 
 56.94 ,       1497.5 
 56.96 ,       1497.5 
 56.98 ,       1494.5 
 57 ,          1497.5 
 57.02 ,       1500.4 
 57.04 ,       1494.5 
 57.06 ,       1497.5 
 57.08 ,       1494.5 
 57.1 ,        1497.5 
 57.12 ,       1497.5 
 57.14 ,       1500.4 
 57.16 ,       1500.4 
 57.18 ,       1500.4 
 57.2 ,        1500.4 
 57.22 ,       1503.3 
 57.24 ,       1503.3 
 57.26 ,       1497.5 
 57.28 ,       1500.4 
 57.3 ,        1503.3 
 57.32 ,       1506.3 
 57.34 ,       1512.2 
 57.36 ,       1521 
 57.38 ,       1515.1 
 57.4 ,        1518 
 57.42 ,       1521 
 57.44 ,       1526.9 
 57.46 ,       1521 
 57.48 ,       1523.9 
 57.5 ,        1523.9 
 57.52 ,       1529.8 
 57.54 ,       1523.9 
 57.56 ,       1529.8 
 57.58 ,       1523.9 
 57.6 ,        1523.9 
 57.62 ,       1526.9 
 57.64 ,       1526.9 
 57.66 ,       1529.8 
 57.68 ,       1526.9 
 57.7 ,        1532.8 
 57.72 ,       1529.8 
 57.74 ,       1529.8 
 57.76 ,       1529.8 
 57.78 ,       1532.8 
 57.8 ,        1532.8 
 57.82 ,       1529.8 
 57.84 ,       1529.8 
 57.86 ,       1529.8 
 57.88 ,       1532.8 
 57.9 ,        1538.6 
 57.92 ,       1535.7 
 57.94 ,       1532.8 
 57.96 ,       1532.8 
 57.98 ,       1535.7 
 58 ,          1532.8 
 58.02 ,       1535.7 
 58.04 ,       1535.7 
 58.06 ,       1535.7 
 58.08 ,       1532.8 
 58.1 ,        1535.7 
 58.12 ,       1532.8 
 58.14 ,       1535.7 
 58.16 ,       1535.7 
 58.18 ,       1538.6 
 58.2 ,        1535.7 
 58.22 ,       1535.7 
 58.24 ,       1535.7 
 58.26 ,       1532.8 
 58.28 ,       1532.8 
 58.3 ,        1532.8 
 58.32 ,       1535.7 
 58.34 ,       1535.7 
 58.36 ,       1535.7 
 58.38 ,       1538.6 
 58.4 ,        1535.7 
 58.42 ,       1529.8 
 58.44 ,       1529.8 
 58.46 ,       1529.8 
 58.48 ,       1529.8 
 58.5 ,        1532.8 
 58.52 ,       1532.8 
 58.54 ,       1535.7 
 58.56 ,       1529.8 
 58.58 ,       1532.8 
 58.6 ,        1532.8 
 58.62 ,       1535.7 
 58.64 ,       1529.8 
 58.66 ,       1529.8 
 58.68 ,       1535.7 
 58.7 ,        1532.8 
 58.72 ,       1532.8 
 58.74 ,       1535.7 
 58.76 ,       1529.8 
 58.78 ,       1532.8 
 58.8 ,        1535.7 
 58.82 ,       1532.8 
 58.84 ,       1532.8 
 58.86 ,       1535.7 
 58.88 ,       1535.7 
 58.9 ,        1532.8 
 58.92 ,       1535.7 
 58.94 ,       1535.7 
 58.96 ,       1532.8 
 58.98 ,       1535.7 
 59 ,          1535.7 
