Sandia National Laboratories
Test No. 05
sx5f03.dat  Start Time = Start Time sec.  Y-axis = Load (lbf)
8/1/96
08:00:06
 168 
1
0
 6.578248 
 93
 12194.44 
 12033.07 
 11930.38 
 12091.75 
 12531.85 
 12561.19 
 12575.86 
 12487.84 
 12414.49 
 12399.82 
 12297.13 
 12223.78 
 11827.69 
 11020.84 
 10610.08 
 10375.36 
 10375.36 
 10331.35 
 10111.3 
 10023.28 
 9935.258 
 9715.208 
 9744.548 
 9773.888 
 9788.558 
 9641.857 
 9260.438 
 9084.397 
 8761.657 
 8321.558 
 8292.218 
 7705.417 
 7133.288 
 6722.527 
 6179.737 
 6223.748 
 6267.757 
 6326.438 
 6619.837 
 6546.487 
 6443.797 
 6473.138 
 6766.538 
 7500.038 
 7822.777 
 7969.478 
 8292.218 
 8350.897 
 8732.317 
 9377.798 
 10199.32 
 10580.74 
 10610.08 
 10727.44 
 11108.86 
 11343.58 
 11783.68 
 12165.1 
 12443.83 
 12341.14 
 12150.43 
 12135.76 
 12150.43 
 12121.09 
 12121.09 
 11989.06 
 11813.02 
 11314.24 
 11196.88 
 11358.25 
 11519.62 
 11504.95 
 11475.61 
 11475.61 
 11578.3 
 11607.64 
 11930.38 
 12546.52 
 12957.28 
 12869.26 
 12927.94 
 12971.95 
 13294.69 
 13602.76 
 13720.12 
 13661.44 
 13397.38 
 12751.9 
 12751.9 
 12722.56 
 12722.56 
 12473.17 
 12194.44 
 41.04712 
 45.51833 
 50.13613 
 54.75393 
 59.66492 
 64.64922 
 69.63351 
 74.911 
 80.26178 
 85.61256 
 91.03665 
 96.31413 
 101.6649 
 107.0157 
 112.3665 
 117.644 
 122.9215 
 127.7592 
 132.6702 
 137.3613 
 141.8325 
 146.1571 
 149.9686 
 153.6335 
 156.712 
 159.644 
 162.2094 
 164.3351 
 166.0209 
 167.1204 
 167.8534 
 168 
 167.7068 
 166.7539 
 165.288 
 163.1623 
 160.5236 
 157.2984 
 153.7068 
 149.4555 
 144.8377 
 139.5602 
 133.9162 
 127.9058 
 121.7487 
 115.0785 
 108.3351 
 101.2984 
 94.40838 
 87.22513 
 80.33508 
 73.44502 
 66.84817 
 60.39791 
 54.24084 
 48.52356 
 42.80628 
 37.74869 
 33.13089 
 28.73298 
 24.70157 
 21.03665 
 17.59162 
 14.51309 
 11.72775 
 9.308901 
 7.256545 
 5.424084 
 3.958115 
 2.78534 
 1.685864 
 .8062827 
 .2931937 
 7.329843E-02 
 0 
 .2198953 
 .7329843 
 1.319372 
 2.272251 
 3.518325 
 4.837697 
 6.450262 
 8.356021 
 10.48168 
 12.90052 
 15.53927 
 18.39791 
 21.47644 
 24.70157 
 28.29319 
 31.95811 
 35.84293 
 41.04712 
0
0
0
0
0
0
0
0
