Sandia National Laboratories
Rotaflex  Feb, 1996
sx3c14.dat,  Start Time =  sec.,  Y-axis = Load (lbf)
02-06-1996
12:01:29
 306 
1
0
 20.71991 
 95
 28326.36 
 25070.88 
 23946.27 
 23502.34 
 23265.57 
 21830.21 
 19551.37 
 17790.45 
 17598.08 
 17257.74 
 17109.76 
 18915.07 
 20720.38 
 21031.13 
 21016.33 
 20883.16 
 19891.71 
 18411.95 
 17790.45 
 17953.22 
 18086.4 
 18530.33 
 19595.76 
 20276.45 
 20098.88 
 19862.12 
 19684.55 
 19018.65 
 18323.17 
 18293.57 
 18589.52 
 18707.9 
 18974.26 
 19388.6 
 19684.55 
 19403.39 
 19314.61 
 19255.42 
 18944.67 
 18737.5 
 19270.21 
 20749.98 
 22703.26 
 25307.65 
 27231.34 
 27201.74 
 25781.17 
 26195.51 
 29303.01 
 31996.18 
 32380.91 
 31907.39 
 32055.37 
 34955.7 
 37234.54 
 37678.46 
 37293.73 
 37500.89 
 38921.47 
 38033.61 
 37264.13 
 37560.09 
 37619.28 
 36553.85 
 36820.2 
 37545.29 
 37500.89 
 37264.13 
 37500.89 
 37885.63 
 37471.3 
 37323.32 
 37471.3 
 37589.68 
 37293.73 
 37204.94 
 37382.51 
 37323.32 
 36790.61 
 36908.99 
 37234.54 
 36968.18 
 37027.37 
 37382.51 
 37471.3 
 37219.74 
 37264.13 
 37086.56 
 35577.2 
 33653.51 
 31078.72 
 30605.2 
 29717.34 
 30161.27 
 28326.36 
 275.437 
 268.7821 
 261.8808 
 255.4724 
 248.8176 
 242.2859 
 235.7543 
 229.0995 
 222.4446 
 216.2827 
 209.8743 
 203.2195 
 196.4414 
 189.5401 
 182.5155 
 175.2445 
 168.4664 
 161.8115 
 155.1567 
 148.625 
 141.847 
 135.1921 
 128.2908 
 121.3895 
 114.4881 
 107.5868 
 100.6855 
 93.90737 
 87.25252 
 80.47443 
 73.5731 
 66.79501 
 60.01691 
 52.99235 
 46.09102 
 39.31293 
 32.4116 
 25.38703 
 18.60894 
 12.07733 
 6.161901 
 1.602094 
 0 
 .8626661 
 5.422473 
 12.20056 
 19.59484 
 26.98913 
 34.13693 
 41.03826 
 48.06283 
 54.84092 
 61.74225 
 68.27386 
 74.68224 
 81.58356 
 88.36166 
 95.01651 
 101.4249 
 108.3262 
 115.1043 
 121.8824 
 129.0302 
 136.178 
 142.9561 
 149.7342 
 156.6355 
 163.2904 
 169.9452 
 176.8466 
 183.7479 
 190.6492 
 197.5505 
 204.2054 
 211.1067 
 218.0081 
 224.6629 
 231.5642 
 238.712 
 245.6134 
 252.5147 
 259.1696 
 266.0709 
 272.7257 
 279.6271 
 286.5284 
 293.1833 
 299.7149 
 304.0282 
 306 
 305.2606 
 300.824 
 294.4156 
 287.0213 
 275.437 
0
0
0
0
0
0
0
0
