Sandia National Laboratories
Rotaflex  Feb, 1996
sx3c11.dat,  Start Time =  sec.,  Y-axis = Load (lbf)
02-06-1996
11:01:14
 306 
1
0
 17.16017 
 95
 18855.88 
 18841.08 
 19344.2 
 21327.08 
 23161.99 
 26417.47 
 27482.9 
 27926.83 
 27897.23 
 26595.04 
 26935.39 
 30176.07 
 33949.46 
 34171.43 
 34053.05 
 33845.88 
 33860.68 
 36746.21 
 39676.14 
 39409.79 
 39113.84 
 39143.43 
 39232.22 
 38521.93 
 36361.48 
 36006.33 
 36154.31 
 36391.07 
 36450.26 
 36361.48 
 37086.56 
 38255.57 
 38196.38 
 37841.24 
 37796.85 
 37900.43 
 37885.63 
 37249.34 
 36894.19 
 37056.96 
 37219.74 
 37338.12 
 37175.35 
 37219.74 
 37693.27 
 37486.1 
 37130.95 
 36923.79 
 36923.79 
 36835 
 35266.45 
 33831.08 
 31537.45 
 29983.7 
 29524.97 
 28814.69 
 29377 
 29317.8 
 26106.72 
 23813.09 
 21948.59 
 21534.25 
 21460.26 
 21386.28 
 20039.69 
 16828.61 
 16651.03 
 17568.49 
 18012.42 
 18130.8 
 18308.37 
 20128.48 
 21179.11 
 20675.99 
 20409.63 
 20024.89 
 19965.7 
 19536.57 
 17908.83 
 17894.04 
 18308.37 
 18485.94 
 18545.13 
 18515.54 
 19137.04 
 19610.56 
 19344.2 
 19107.44 
 19077.85 
 19048.25 
 18900.27 
 18456.34 
 18397.15 
 18604.32 
 18855.88 
 19.66265 
 12.78072 
 6.636145 
 1.843374 
 0 
 .7373494 
 5.407229 
 11.79759 
 19.04819 
 26.54458 
 33.91807 
 40.55422 
 47.19036 
 53.9494 
 60.70844 
 67.34458 
 74.10361 
 80.86265 
 87.49879 
 94.13494 
 100.7711 
 107.4072 
 113.9205 
 120.6795 
 127.5614 
 134.5663 
 141.5711 
 148.453 
 155.5807 
 162.4626 
 169.0988 
 175.8578 
 182.7398 
 189.4988 
 196.3807 
 203.0169 
 209.8988 
 216.7807 
 223.5398 
 230.5446 
 237.4265 
 244.5542 
 251.4361 
 258.1952 
 264.7084 
 271.5904 
 278.4723 
 285.6 
 292.359 
 298.8723 
 303.5422 
 306 
 305.0169 
 301.0844 
 294.9398 
 287.812 
 280.4386 
 273.0651 
 266.4289 
 260.0385 
 253.4024 
 247.0121 
 240.3759 
 233.7398 
 227.1036 
 220.7133 
 214.0771 
 207.6868 
 201.0506 
 194.4145 
 187.5325 
 180.2819 
 173.1542 
 166.1494 
 159.5133 
 152.6313 
 145.8723 
 138.9904 
 132.2313 
 125.5952 
 118.959 
 112.3229 
 105.441 
 98.55904 
 91.67711 
 84.5494 
 77.66747 
 70.53976 
 63.90361 
 57.26747 
 50.38554 
 43.7494 
 36.99036 
 29.98554 
 19.66265 
0
0
0
0
0
0
0
0
