Sandia National Laboratories
Rotaflex  Feb, 1996
sx3c08.dat,  Start Time =  sec.,  Y-axis = Load (lbf)
02-06-1996
10:00:17
 306 
1
0
 15.734 
 94
 38936.27 
 37930.03 
 35769.57 
 36183.91 
 36805.41 
 36790.61 
 36746.21 
 36124.71 
 36761.01 
 38018.81 
 38018.81 
 37722.86 
 37515.69 
 37441.7 
 38225.98 
 37944.82 
 37042.17 
 36968.18 
 37426.91 
 37382.51 
 37397.31 
 36894.19 
 36820.2 
 37397.31 
 37574.88 
 36479.86 
 35029.69 
 32040.57 
 30457.22 
 28962.66 
 27542.09 
 27009.38 
 28133.99 
 29081.04 
 27216.54 
 24257.02 
 20853.56 
 19906.51 
 19432.99 
 19876.92 
 19936.11 
 18485.94 
 16147.91 
 17775.65 
 18841.08 
 19285.01 
 19107.44 
 18885.48 
 19551.37 
 20971.94 
 20172.87 
 19432.99 
 19092.64 
 19048.25 
 19299.81 
 18989.06 
 17982.82 
 18515.54 
 18841.08 
 19048.25 
 19048.25 
 18663.51 
 18870.68 
 19314.61 
 18959.46 
 18767.09 
 18574.72 
 18515.54 
 18870.68 
 18796.69 
 18485.94 
 18737.5 
 19196.23 
 20912.75 
 22747.66 
 26003.14 
 27867.64 
 28844.28 
 29081.04 
 28311.57 
 26476.66 
 27793.65 
 32040.57 
 35518.01 
 35976.74 
 35680.79 
 35222.06 
 35118.48 
 36879.39 
 39972.1 
 38936.27 
 38447.94 
 38418.35 
 38936.27 
 126.5275 
 133.6523 
 140.7772 
 147.6564 
 154.6584 
 161.6604 
 168.6624 
 175.5415 
 182.5436 
 189.177 
 196.0562 
 202.9354 
 209.6917 
 216.448 
 223.0815 
 230.0835 
 237.2083 
 244.2104 
 251.0895 
 257.9687 
 264.8478 
 271.727 
 278.6062 
 285.4854 
 292.4874 
 298.998 
 303.4203 
 306 
 305.1401 
 300.9635 
 295.067 
 288.065 
 280.8174 
 273.4468 
 266.4448 
 260.057 
 253.5464 
 247.1586 
 240.6479 
 233.7688 
 226.7668 
 220.1333 
 213.8683 
 207.112 
 200.4785 
 193.5994 
 186.9659 
 179.841 
 172.839 
 165.5913 
 158.9579 
 152.0787 
 145.3224 
 138.3204 
 131.1955 
 124.3163 
 117.8057 
 111.0494 
 104.1702 
 97.53674 
 90.41188 
 83.53271 
 76.53071 
 69.5287 
 62.77238 
 56.01606 
 49.25974 
 42.25773 
 35.37856 
 28.4994 
 21.62023 
 14.86391 
 8.353271 
 2.825371 
 .1228422 
 0 
 3.685267 
 9.704536 
 16.95223 
 24.07708 
 31.57045 
 39.06383 
 45.20594 
 51.96227 
 58.71859 
 65.59776 
 72.10839 
 79.1104 
 85.74388 
 92.13168 
 99.01084 
 105.89 
 112.5235 
 126.5275 
0
0
0
0
0
0
0
0
