Sandia National Laboratories
Rotaflex  Feb, 1996
sx3d05.dat,  Start Time =  sec.,  Y-axis = Load (lbf)
02-07-1996
10:00:46
 306 
1
0
 15.77425 
 93
 28607.52 
 29450.98 
 29317.8 
 28252.38 
 26565.45 
 29288.21 
 34053.05 
 36198.7 
 36361.48 
 35651.19 
 35458.82 
 35636.39 
 38773.49 
 40356.84 
 39394.99 
 38847.48 
 39187.82 
 39394.99 
 39380.2 
 37071.76 
 36346.68 
 36775.81 
 37249.34 
 37071.76 
 36894.19 
 36657.43 
 37811.64 
 38581.12 
 38166.79 
 37722.86 
 37841.24 
 38181.59 
 38314.77 
 37811.64 
 37293.73 
 37471.3 
 37737.66 
 37737.66 
 37278.93 
 37219.74 
 37604.48 
 37930.03 
 37426.91 
 35858.36 
 34112.24 
 31123.12 
 29066.25 
 27601.28 
 26624.64 
 27408.91 
 28696.3 
 28252.38 
 24671.35 
 20616.8 
 19728.94 
 19196.23 
 19566.17 
 19669.75 
 18929.87 
 15541.21 
 17509.3 
 18397.15 
 18959.46 
 18900.27 
 18604.32 
 19077.85 
 20823.96 
 19965.7 
 18944.67 
 18722.7 
 18663.51 
 18959.46 
 18648.71 
 17420.51 
 18042.01 
 18426.75 
 18604.32 
 18693.11 
 18249.18 
 18515.54 
 19018.65 
 18485.94 
 18337.96 
 18189.99 
 18160.39 
 18574.72 
 18219.58 
 18012.42 
 18382.36 
 18870.68 
 20705.58 
 22629.28 
 28607.52 
 5.411576 
 11.80707 
 18.94051 
 26.07396 
 33.94534 
 41.07878 
 47.47428 
 54.36174 
 61.12621 
 67.89068 
 74.77814 
 81.6656 
 88.0611 
 95.19453 
 102.082 
 108.8465 
 115.6109 
 122.4984 
 129.1399 
 136.5193 
 143.7757 
 150.9092 
 157.9196 
 164.8071 
 171.6945 
 178.705 
 185.7154 
 192.8489 
 199.4904 
 206.6238 
 213.3883 
 220.1527 
 226.9172 
 233.9277 
 241.0611 
 248.3175 
 255.328 
 262.2154 
 269.1029 
 276.1133 
 283.0008 
 290.0113 
 296.8987 
 302.5563 
 305.877 
 306 
 302.9252 
 297.5137 
 290.7492 
 283.1238 
 275.8674 
 268.6109 
 262.2154 
 255.9429 
 249.0555 
 242.168 
 235.5265 
 228.5161 
 221.8746 
 215.8481 
 208.7146 
 201.9502 
 195.1857 
 188.2982 
 181.2878 
 174.4003 
 167.1439 
 160.1334 
 153.246 
 146.3585 
 139.3481 
 132.3376 
 125.4502 
 118.5627 
 111.7982 
 104.9108 
 98.02332 
 91.01286 
 84.1254 
 76.99196 
 70.1045 
 63.09405 
 56.0836 
 49.19614 
 42.55466 
 35.42122 
 28.28778 
 21.52331 
 14.63585 
 7.871383 
 2.951768 
 0 
 5.411576 
0
0
0
0
0
0
0
0
