Sandia National Laboratories
Rotaflex  Feb, 1996
sx3d08.dat,  Start Time =  sec.,  Y-axis = Load (lbf)
02-07-1996
11:01:27
 306 
1
0
 24.84965 
 95
 21430.67 
 20424.43 
 19566.17 
 18204.79 
 17346.52 
 18145.59 
 18707.9 
 19329.4 
 20202.46 
 19832.52 
 19181.43 
 18796.69 
 18441.55 
 18175.19 
 18707.9 
 19063.05 
 19151.83 
 19270.21 
 19033.45 
 18648.71 
 18530.33 
 18471.14 
 18559.93 
 18915.07 
 19063.05 
 19003.86 
 19018.65 
 18870.68 
 18663.51 
 18589.52 
 18737.5 
 18737.5 
 18915.07 
 19033.45 
 18900.27 
 19388.6 
 20246.86 
 22185.35 
 24878.52 
 25781.17 
 25248.46 
 25721.98 
 28030.41 
 29983.7 
 30072.48 
 30013.29 
 32292.13 
 34230.62 
 34615.36 
 34482.18 
 36553.85 
 38329.56 
 38832.68 
 38832.68 
 39099.04 
 37767.25 
 37412.11 
 37412.11 
 37204.94 
 37737.66 
 38240.78 
 38299.96 
 38092.8 
 38181.59 
 37708.06 
 37589.68 
 37708.06 
 37737.66 
 37767.25 
 37856.04 
 37589.68 
 37264.13 
 37323.32 
 37323.32 
 37604.48 
 37974.42 
 38063.2 
 37915.23 
 37796.85 
 37471.3 
 37116.16 
 37234.54 
 36820.2 
 36361.48 
 34985.3 
 32943.22 
 31759.41 
 31670.63 
 30753.18 
 28918.27 
 26876.2 
 25958.74 
 25070.88 
 23591.12 
 21430.67 
 241.5399 
 234.8717 
 228.0799 
 221.5351 
 215.2373 
 208.6925 
 202.2712 
 195.3559 
 188.1937 
 181.2785 
 174.1162 
 167.4479 
 161.0266 
 154.1114 
 147.6901 
 140.7748 
 133.983 
 126.9443 
 120.1525 
 113.4843 
 106.6925 
 100.0242 
 93.23244 
 86.44068 
 79.52542 
 72.3632 
 65.57143 
 58.77966 
 52.11138 
 45.19613 
 38.52784 
 31.85956 
 24.94431 
 18.02906 
 11.36077 
 5.18644 
 .9878935 
 0 
 1.48184 
 6.791768 
 13.83051 
 21.23971 
 28.64891 
 35.81114 
 42.97337 
 50.13559 
 56.80387 
 63.47216 
 70.38741 
 77.05569 
 83.72397 
 90.39225 
 97.06053 
 103.7288 
 109.9031 
 116.8184 
 123.4867 
 130.6489 
 137.9346 
 144.9734 
 151.6416 
 158.063 
 164.4843 
 171.3995 
 178.3148 
 185.477 
 192.3923 
 199.3075 
 205.9758 
 212.6441 
 219.5593 
 226.4746 
 233.3898 
 240.5521 
 247.2203 
 253.8886 
 260.8039 
 267.4722 
 274.1404 
 281.3027 
 288.3414 
 295.1332 
 301.0605 
 305.0121 
 306 
 303.9007 
 299.0847 
 291.9225 
 284.5133 
 277.3511 
 270.4358 
 263.5206 
 256.8523 
 250.431 
 241.5399 
0
0
0
0
0
0
0
0
