Sandia National Laboratories
Fiberglass  Oct, 1995
sx2d02.dat,  Start Time =  sec.,  Y-axis = Load (lbf)
10/5/95
9:35:15
 144 
1
0
 7.310874 
 95
 18431.34 
 18417.37 
 18305.65 
 18207.89 
 17998.4 
 17774.95 
 17481.67 
 17160.45 
 16490.09 
 16099.05 
 16029.22 
 15749.91 
 15428.7 
 14939.89 
 14409.19 
 14227.64 
 13864.53 
 13515.38 
 13347.79 
 13110.38 
 12956.75 
 12886.92 
 12803.13 
 12635.54 
 12370.19 
 12132.77 
 12188.63 
 12230.53 
 12118.81 
 12062.94 
 12076.91 
 12048.98 
 11853.46 
 11546.21 
 11057.41 
 10484.81 
 9758.59 
 9032.37 
 8459.77 
 7887.17 
 7342.51 
 6853.71 
 6686.12 
 6323.01 
 6085.59 
 5931.97 
 5959.9 
 6323.01 
 6700.08 
 7146.99 
 7761.48 
 8348.04 
 8948.57 
 9618.93 
 10317.22 
 11015.51 
 11671.9 
 12356.22 
 13026.58 
 13529.35 
 13892.46 
 14157.81 
 14409.19 
 14562.82 
 14590.75 
 14590.75 
 14492.99 
 14283.5 
 14325.4 
 14087.98 
 13710.9 
 13250.03 
 12831.06 
 13236.07 
 13571.25 
 14087.98 
 14674.54 
 15163.35 
 15498.52 
 15708.01 
 15875.6 
 16099.05 
 16266.64 
 16378.37 
 16713.55 
 16923.03 
 17048.73 
 17300.11 
 17551.49 
 18165.99 
 18612.89 
 18333.58 
 18333.58 
 18361.51 
 18431.34 
 66.85 
 70.97 
 75.24 
 79.5 
 83.84 
 88.18 
 92.52 
 96.71 
 100.9 
 104.95 
 108.92 
 112.96 
 116.72 
 120.25 
 123.78 
 127.08 
 130.1 
 132.89 
 135.32 
 137.68 
 139.59 
 141.28 
 142.46 
 143.41 
 143.78 
 144 
 143.71 
 143.04 
 141.72 
 139.88 
 137.6 
 134.81 
 131.72 
 128.04 
 123.92 
 119.29 
 114.51 
 109.29 
 103.92 
 98.4 
 92.67 
 86.86 
 80.9 
 75.09 
 69.35 
 63.76 
 58.17 
 52.88 
 47.73 
 42.8 
 38.24 
 33.83 
 29.56 
 25.67 
 22.06 
 18.75 
 15.74 
 13.02 
 10.52 
 8.38 
 6.4 
 4.78 
 3.53 
 2.21 
 1.32 
 .66 
 .22 
 0 
 0 
 .07 
 .66 
 1.18 
 2.13 
 3.09 
 4.27 
 5.66 
 7.28 
 9.12 
 11.11 
 13.31 
 15.66 
 18.31 
 21.03 
 23.98 
 26.92 
 30.15 
 33.54 
 37.07 
 40.67 
 44.35 
 48.1 
 52.14 
 56.11 
 60.23 
 66.85 
0
0
0
0
0
0
0
0
