Sandia National Laboratories
RMOTC  May 1995
2x1c02.csv  Start Time = 25 sec.  Y-axis = Load (lbf)
03/09/95
 8:47:00 AM
 81.88 
1
0
 5.76 
 97
 2465.079 
 2503.822 
 2476.525 
 2442.223 
 2408.022 
 2371.491 
 2339.167 
 2300.463 
 2367.418 
 2368.599 
 2357.848 
 2335.921 
 2322.516 
 2384.011 
 2412.42 
 2455.002 
 2471.171 
 2430.59 
 2414.565 
 2398.363 
 2412.414 
 2428.814 
 2454.383 
 2454.717 
 2448.089 
 2447.696 
 2432.358 
 2414.58 
 2396.269 
 2361.257 
 2321.275 
 2035.313 
 1520.12 
 1192.818 
 956.1878 
 715.9217 
 447.8077 
 283.1722 
 220.3512 
 164.9089 
 98.92545 
 31.14087 
-20.67797 
 47.92469 
 84.79433 
 90.98653 
 83.31632 
 106.6184 
 102.7185 
 65.92191 
 31.24615 
-14.50656 
-43.31352 
-58.38508 
-31.90794 
-8.964913 
-1.269095 
 12.68298 
 42.10239 
 60.19909 
 58.21077 
 65.04638 
 79.9824 
 107.7012 
 110.2671 
 114.7831 
 164.6927 
 195.0908 
 229.2546 
 267.5776 
 271.6859 
 299.7909 
 309.4276 
 320.8903 
 332.7866 
 341.9575 
 433.6875 
 823.3848 
 1111.271 
 1518.214 
 1895.563 
 2282.442 
 2508.263 
 2547.73 
 2595.351 
 2614.789 
 2647.268 
 2652.823 
 2614.235 
 2595.608 
 2578.401 
 2528.368 
 2452.779 
 2449.759 
 2456.576 
 2459.252 
 2465.079 
 38.28 
 41.31667 
 44.54 
 47.77333 
 50.86 
 53.73666 
 56.32666 
 58.50667 
 60.33 
 61.95667 
 63.51333 
 65.07333 
 66.71334 
 68.52666 
 70.43667 
 72.29667 
 74 
 75.5 
 76.71 
 77.59666 
 78.23667 
 78.74667 
 79.19 
 79.62333 
 80.12333 
 80.71 
 81.28 
 81.74334 
 82.04333 
 82.17001 
 82.15667 
 82.11001 
 82.08334 
 82.08666 
 82.09 
 82.06333 
 81.88 
 81.28333 
 80.17333 
 78.57333 
 76.55666 
 74.17333 
 71.59 
 69.01333 
 66.53 
 64.13333 
 61.82333 
 59.57 
 57.25666 
 54.79333 
 52.16333 
 49.38667 
 46.48667 
 43.52 
 40.56667 
 37.66333 
 34.82666 
 32.06 
 29.36333 
 26.72333 
 24.11333 
 21.53333 
 18.99333 
 16.52333 
 14.12667 
 11.86667 
 9.759999 
 7.84 
 6.116667 
 4.61 
 3.326667 
 2.266667 
 1.433333 
 .8333333 
 .4733333 
 .33 
 .3 
 .3133333 
 .3366667 
 .3666667 
 .41 
 .5633333 
 1.083333 
 2.166667 
 3.926667 
 6.376667 
 9.466666 
 12.98333 
 16.59333 
 20.03667 
 23.17667 
 25.97333 
 28.44666 
 30.75333 
 33.1 
 35.60666 
 38.28 
0
0
0
0
0
0
0
0
