Sandia National Laboratories
RMOTC  May 1995
5x1c02.csv  Start Time = 25 sec.  Y-axis = Load (lbf)
03/09/95
 8:47:00 AM
 86.96 
1
0
 5.76 
 97
 6233.563 
 6637.751 
 7058.012 
 6901.949 
 6619.49 
 6309.742 
 6076.4 
 5532.689 
 5108.613 
 5181.43 
 5324.684 
 5472.795 
 5592.219 
 6232.439 
 6498.722 
 6436.019 
 6285.128 
 6121.694 
 5918.293 
 5413.193 
 5280.316 
 5371.618 
 5489.008 
 5557.926 
 5846.677 
 6234.601 
 6284.656 
 6187.479 
 6107.096 
 5982.336 
 5597.077 
 5281.405 
 5123.327 
 5038.702 
 4987.721 
 4871.158 
 4764.888 
 4011.256 
 3398.577 
 2949.258 
 2589.302 
 2159.379 
 1958.561 
 2515.465 
 2885.133 
 3128.258 
 3337.047 
 3590.447 
 3552.43 
 3274.614 
 3115.711 
 2957.943 
 2756.354 
 2689.646 
 2806.728 
 2970.447 
 3048.302 
 3157.166 
 3261.471 
 3341.191 
 3303.654 
 3290.984 
 3309.332 
 3329.768 
 3353.928 
 3429.146 
 3595.744 
 3730.067 
 3840.664 
 3991.597 
 4127.161 
 4197.462 
 4264.8 
 4346.674 
 4428.242 
 4456.767 
 4550.008 
 4636.498 
 4710.07 
 4826.035 
 4913.79 
 5009.272 
 5603.854 
 6194.463 
 6811.381 
 7492.707 
 8089.734 
 8567.818 
 8103.859 
 7520.075 
 6845.025 
 6195.203 
 5563.888 
 5234.848 
 5487.354 
 5778.374 
 6233.563 
 36.65 
 39.56334 
 42.45667 
 45.32 
 48.15 
 50.94 
 53.67 
 56.31 
 58.83333 
 61.24666 
 63.55 
 65.74667 
 67.82999 
 69.80666 
 71.68334 
 73.46334 
 75.14667 
 76.73333 
 78.22334 
 79.60333 
 80.87333 
 82.02333 
 83.06 
 83.98 
 84.78 
 85.46 
 86.02667 
 86.47334 
 86.79667 
 86.99667 
 87.05666 
 86.96667 
 86.72333 
 86.32333 
 85.76 
 85.04667 
 84.18 
 83.17 
 82.00001 
 80.66333 
 79.18667 
 77.56 
 75.75666 
 73.8 
 71.70667 
 69.48666 
 67.15334 
 64.72666 
 62.21666 
 59.64 
 57.00667 
 54.31 
 51.58333 
 48.81334 
 46.01334 
 43.18333 
 40.35 
 37.51 
 34.69 
 31.89333 
 29.14 
 26.43333 
 23.79 
 21.21333 
 18.72333 
 16.32667 
 14.03667 
 11.87 
 9.84 
 7.963333 
 6.256667 
 4.726667 
 3.4 
 2.276667 
 1.373333 
 .7033333 
 .28 
 .11 
 .1966667 
 .5466667 
 1.153333 
 2.01 
 3.093333 
 4.41 
 5.96 
 7.73 
 9.69 
 11.84333 
 14.18667 
 16.69333 
 19.35 
 22.13 
 25.02333 
 27.96667 
 30.93333 
 33.88333 
 36.65 
0
0
0
0
0
0
0
0
