Sandia National Laboratories
RMOTC  May, 1995
sx1c04.dat,  Start Time =  sec.,  Y-axis = Load (lbf)
3-9-95
8:59AM
 86 
1
0
 5.45 
 91
 4133 
 4331 
 4529 
 4617 
 4682 
 5320 
 5892 
 6419 
 7079 
 7584 
 7804 
 7562 
 7101 
 6529 
 6045 
 5562 
 5584 
 5650 
 5804 
 6001 
 6353 
 6463 
 6375 
 6243 
 6111 
 5738 
 5342 
 5276 
 5320 
 5320 
 5496 
 5892 
 6023 
 5936 
 5936 
 5892 
 5760 
 5584 
 5584 
 5584 
 5628 
 5716 
 5826 
 5936 
 5892 
 5870 
 5826 
 5694 
 5540 
 5386 
 5232 
 5276 
 4968 
 4485 
 3869 
 3298 
 2858 
 2418 
 2066 
 2154 
 2484 
 2770 
 2946 
 3210 
 3341 
 3341 
 3188 
 3078 
 2836 
 2726 
 2726 
 2726 
 2770 
 2858 
 2946 
 3056 
 3078 
 3034 
 3034 
 3012 
 3078 
 3166 
 3188 
 3429 
 3473 
 3649 
 3693 
 3781 
 3869 
 3825 
 4133 
 0 
 0 
 0 
 .4953917 
 1.486175 
 2.576037 
 3.864055 
 5.548387 
 7.529953 
 9.709678 
 11.8894 
 14.26728 
 16.9424 
 19.81567 
 22.78802 
 25.85945 
 29.02995 
 32.20046 
 35.37097 
 38.24424 
 41.11751 
 43.99078 
 47.06221 
 49.93548 
 53.00691 
 55.68203 
 58.35714 
 60.73502 
 63.1129 
 65.29263 
 67.27419 
 69.45391 
 71.3364 
 73.31797 
 75.0023 
 76.58755 
 77.87557 
 79.16359 
 80.55069 
 81.73963 
 82.73042 
 83.72119 
 84.31567 
 84.71198 
 85.20737 
 85.40553 
 85.80184 
 85.90092 
 86 
 85.90092 
 85.40553 
 84.71198 
 83.91935 
 83.02765 
 82.03687 
 80.84792 
 79.46082 
 77.87557 
 76.19125 
 75.0023 
 72.92165 
 70.74194 
 68.36405 
 65.88709 
 63.1129 
 60.63594 
 58.05991 
 55.38479 
 52.51152 
 49.63824 
 46.56682 
 43.39631 
 40.42396 
 37.55069 
 34.57834 
 31.70507 
 28.93088 
 26.15668 
 23.48157 
 20.60829 
 17.93318 
 15.25806 
 13.07834 
 10.89862 
 8.91705 
 7.034562 
 5.35023 
 3.665899 
 2.37788 
 1.486175 
 0 
0
0
0
0
0
0
0
0
