Sandia National Laboratories
RMOTC  May, 1995
sx1c02.dat,  Start Time =  sec.,  Y-axis = Load (lbf)
3-9-95
8:40AM
 86 
1
0
 5.45 
 91
 4397 
 4660 
 4770 
 4902 
 5056 
 5782 
 6397 
 6969 
 7474 
 8068 
 7870 
 7496 
 7035 
 6529 
 5957 
 5628 
 5606 
 5870 
 6133 
 6441 
 6683 
 6639 
 6573 
 6331 
 6221 
 5606 
 5342 
 5298 
 5386 
 5386 
 5738 
 6177 
 6353 
 6177 
 6221 
 6089 
 5738 
 5628 
 5650 
 5650 
 5738 
 5870 
 6067 
 6133 
 6089 
 6089 
 5957 
 5650 
 5364 
 5276 
 5210 
 5078 
 4924 
 4331 
 3539 
 3056 
 2660 
 2132 
 1847 
 2440 
 2792 
 2946 
 3188 
 3495 
 3341 
 3232 
 3056 
 2792 
 2616 
 2572 
 2792 
 2880 
 2902 
 3100 
 3144 
 3144 
 3188 
 3122 
 3144 
 3144 
 3166 
 3319 
 3495 
 3583 
 3693 
 3847 
 3935 
 4023 
 4111 
 4111 
 4397 
 0 
 9.907834E-02 
 .3963134 
 1.089862 
 2.179724 
 3.269585 
 4.75576 
 6.53917 
 8.619815 
 10.5023 
 12.97926 
 15.65438 
 18.23041 
 21.20276 
 24.27419 
 27.34562 
 30.31797 
 33.48848 
 36.65899 
 39.53226 
 42.50461 
 45.57603 
 48.54839 
 51.42166 
 54.19585 
 56.97004 
 59.447 
 61.92396 
 64.20277 
 66.38248 
 68.56221 
 70.54377 
 72.32719 
 74.1106 
 75.894 
 77.28111 
 78.76728 
 80.0553 
 81.14516 
 82.23502 
 83.12672 
 83.91935 
 84.51382 
 85.00922 
 85.50461 
 85.80184 
 86 
 86 
 86 
 85.60368 
 85.30645 
 84.51382 
 83.82027 
 82.82949 
 81.64055 
 80.35253 
 78.76728 
 77.08295 
 75.39861 
 73.21889 
 71.03916 
 68.85944 
 66.38248 
 63.90553 
 61.32949 
 58.5553 
 55.78111 
 53.00691 
 50.03456 
 47.16129 
 44.18894 
 41.21659 
 38.34332 
 35.27188 
 32.29954 
 30.61521 
 27.74193 
 24.86866 
 22.29263 
 19.61751 
 16.84332 
 14.36636 
 12.18664 
 10.00691 
 8.718894 
 6.440092 
 4.75576 
 3.269585 
 2.179724 
 1.18894 
 0 
0
0
0
0
0
0
0
0
