Sandia National Laboratories
RMOTC  May, 1995
sx1c05.dat,  Start Time =  sec.,  Y-axis = Load (lbf)
3-9-95
10:52AM
 86 
1
0
 5.45 
 90
 4001 
 4331 
 4529 
 4660 
 4770 
 5100 
 5760 
 6331 
 6881 
 7298 
 7430 
 7211 
 6947 
 6595 
 6287 
 6045 
 6155 
 6199 
 6331 
 6441 
 6595 
 6639 
 6463 
 6114 
 6221 
 6023 
 5936 
 5979 
 6001 
 6023 
 6155 
 6243 
 6243 
 6111 
 6199 
 6111 
 6023 
 5979 
 6045 
 6045 
 6111 
 6177 
 6243 
 6243 
 6155 
 6177 
 6023 
 6001 
 5936 
 5936 
 5936 
 5826 
 5826 
 5892 
 5870 
 5892 
 5892 
 5892 
 5892 
 5892 
 5892 
 5936 
 5826 
 5826 
 4880 
 1935 
 1605 
 1671 
 1869 
 2044 
 3166 
 3407 
 3605 
 3605 
 3407 
 3451 
 3034 
 3188 
 2770 
 3166 
 3034 
 3298 
 3561 
 3649 
 4089 
 3825 
 3869 
 3913 
 3781 
 4001 
 0 
 9.907834E-02 
 .3963134 
 1.089862 
 2.080645 
 3.269585 
 4.557603 
 6.241935 
 8.124423 
 10.30415 
 12.68203 
 15.15899 
 17.73502 
 20.90553 
 23.87788 
 26.75115 
 30.11981 
 33.29032 
 36.46083 
 39.43318 
 42.50461 
 45.57603 
 48.54839 
 51.52074 
 54.29493 
 57.26728 
 59.64516 
 62.02304 
 64.5 
 66.67973 
 68.56221 
 70.64286 
 72.62443 
 74.40783 
 75.894 
 77.57834 
 78.96543 
 80.45161 
 81.64055 
 82.63133 
 83.62212 
 84.31567 
 84.81106 
 85.30645 
 85.60368 
 85.80184 
 86 
 86 
 85.80184 
 85.30645 
 84.81106 
 84.31567 
 83.32488 
 82.43317 
 81.14516 
 79.55991 
 78.07373 
 77.57834 
 75.59677 
 73.51612 
 71.23733 
 69.0576 
 66.58064 
 64.10368 
 61.42857 
 59.05069 
 56.27649 
 53.40322 
 50.52995 
 47.5576 
 44.48618 
 41.41475 
 38.34332 
 35.27188 
 32.29954 
 29.42627 
 26.75115 
 23.87788 
 21.30184 
 18.52765 
 15.85253 
 13.47465 
 11.29493 
 9.214286 
 7.232719 
 5.449308 
 3.963134 
 2.576037 
 1.585253 
 0 
0
0
0
0
0
0
0
0
