Sandia National Laboratories
RMOTC  May, 1995
sx1c06.dat,  Start Time =  sec.,  Y-axis = Load (lbf)
3-9-95
11:08AM
 86 
1
0
 5.45 
 90
 3891 
 4133 
 4331 
 4353 
 4419 
 5056 
 5584 
 6023 
 6639 
 7101 
 7211 
 7079 
 6859 
 6419 
 6023 
 5672 
 5672 
 5892 
 5760 
 6023 
 6243 
 6199 
 6111 
 5979 
 5979 
 5892 
 5628 
 5540 
 5540 
 5562 
 5628 
 5716 
 5826 
 5738 
 5760 
 5716 
 5716 
 5540 
 5584 
 5562 
 5628 
 5628 
 5738 
 5760 
 5738 
 5738 
 5694 
 5628 
 5540 
 5540 
 5496 
 5452 
 5320 
 5122 
 4177 
 3561 
 3100 
 2506 
 2044 
 2132 
 2462 
 2660 
 2858 
 3078 
 3122 
 3034 
 2946 
 2990 
 2770 
 2638 
 2594 
 2638 
 2682 
 2726 
 2770 
 2902 
 2814 
 2858 
 2836 
 2858 
 2836 
 2902 
 3034 
 3122 
 3210 
 3341 
 3429 
 3473 
 3605 
 3891 
 0 
 0 
 .1979287 
 .8906789 
 1.682394 
 2.869966 
 4.156501 
 5.838895 
 7.719218 
 9.698504 
 11.87572 
 14.34983 
 17.31876 
 20.18872 
 23.05869 
 26.22555 
 29.29344 
 32.65823 
 35.82508 
 38.69505 
 41.56502 
 44.73188 
 47.70081 
 50.47181 
 51.26352 
 54.33142 
 56.90449 
 59.47756 
 61.95167 
 64.32681 
 66.70196 
 68.68124 
 70.85845 
 72.63982 
 74.42117 
 76.10357 
 77.48907 
 78.87457 
 80.1611 
 81.24971 
 82.14039 
 83.13004 
 84.02071 
 84.61449 
 85.10932 
 85.50518 
 85.90104 
 86 
 85.80207 
 85.50518 
 85.10932 
 84.61449 
 83.82278 
 83.03107 
 82.04143 
 80.75489 
 79.36938 
 77.78596 
 75.90563 
 73.92635 
 71.74914 
 69.57192 
 67.09782 
 64.52473 
 61.8527 
 59.0817 
 56.40966 
 53.5397 
 50.7687 
 47.89874 
 44.73188 
 41.76295 
 38.89298 
 35.92405 
 32.85616 
 29.98619 
 26.9183 
 24.14729 
 21.47526 
 18.60529 
 16.23015 
 13.75604 
 11.47986 
 9.500576 
 7.620253 
 5.838895 
 4.156501 
 2.869966 
 1.781358 
 0 
0
0
0
0
0
0
0
0
