Sandia National Laboratories
RMOTC  May, 1995
sx1c01.dat,  Start Time =  sec.,  Y-axis = Load (lbf)
3-9-95
8:21AM
 86 
1
0
 5.45 
 91
 4660 
 4814 
 5012 
 5100 
 5738 
 6331 
 7079 
 7870 
 8200 
 8815 
 8266 
 7694 
 7035 
 6331 
 5584 
 5408 
 5650 
 5936 
 6353 
 6771 
 7123 
 6815 
 6551 
 6243 
 5826 
 5210 
 5144 
 5276 
 5408 
 5518 
 6111 
 6529 
 6507 
 6397 
 6199 
 5979 
 5408 
 5364 
 5452 
 5584 
 5716 
 6155 
 6419 
 6353 
 6199 
 6111 
 5826 
 5298 
 5100 
 5012 
 5012 
 4792 
 4660 
 3869 
 3298 
 2792 
 2418 
 1979 
 2110 
 2550 
 2902 
 3056 
 3341 
 3473 
 3188 
 2990 
 2770 
 2638 
 2440 
 2572 
 2704 
 2770 
 2990 
 3056 
 3122 
 3078 
 3056 
 3034 
 3078 
 3122 
 3210 
 3385 
 3539 
 3649 
 3803 
 3957 
 4001 
 4001 
 4111 
 4133 
 4660 
 0 
 .1983853 
 .6943483 
 1.686275 
 2.678201 
 4.16609 
 5.852365 
 7.737025 
 8.828143 
 10.91119 
 13.29181 
 15.87082 
 18.64821 
 21.72318 
 24.69896 
 27.77393 
 30.74971 
 34.02307 
 37.09804 
 40.07382 
 42.95041 
 46.02538 
 48.90196 
 51.87774 
 54.75433 
 57.43253 
 59.81315 
 62.29296 
 64.67358 
 66.85583 
 68.83968 
 70.72434 
 72.7082 
 74.39446 
 76.08073 
 77.46944 
 78.95733 
 80.14764 
 81.43714 
 82.32988 
 83.3218 
 84.01614 
 84.80969 
 85.30566 
 85.60323 
 86 
 86 
 86 
 86 
 85.70242 
 85.30566 
 84.51211 
 83.81776 
 82.62746 
 81.53633 
 80.14764 
 78.56055 
 76.87428 
 75.08881 
 72.90658 
 70.72434 
 68.44291 
 65.9631 
 63.48328 
 60.80508 
 58.12687 
 55.34948 
 52.57209 
 49.6955 
 46.62053 
 43.64475 
 40.66898 
 37.79239 
 34.9158 
 31.84083 
 29.06344 
 26.18685 
 23.40946 
 20.73126 
 18.15225 
 15.47405 
 13.09343 
 10.91119 
 8.927336 
 7.042676 
 5.356401 
 3.868512 
 2.678201 
 1.487889 
 .793541 
 0 
0
0
0
0
0
0
0
0
