Sandia National Laboratories
RMOTC  May, 1995
sx1c03.dat,  Start Time =  sec.,  Y-axis = Load (lbf)
3-9-95
8:59AM
 86 
1
0
 5.45 
 91
 4353 
 4595 
 4704 
 4836 
 4880 
 5628 
 6177 
 6749 
 7342 
 7870 
 8002 
 7672 
 7189 
 6595 
 6111 
 5672 
 5672 
 5826 
 5936 
 6243 
 6639 
 6705 
 6529 
 6419 
 6243 
 5738 
 5386 
 5364 
 5474 
 5540 
 5804 
 6155 
 6331 
 6199 
 6199 
 6089 
 5826 
 5716 
 5760 
 5760 
 5760 
 5914 
 6155 
 6243 
 6111 
 6111 
 6023 
 5826 
 5540 
 5452 
 5342 
 5320 
 5232 
 5232 
 4089 
 3298 
 2990 
 2506 
 2132 
 2044 
 2770 
 3078 
 3254 
 3429 
 3561 
 3363 
 3166 
 2990 
 2814 
 2704 
 2770 
 2858 
 3034 
 3078 
 3210 
 3210 
 3232 
 3210 
 3254 
 3188 
 3276 
 3341 
 3473 
 3649 
 3781 
 3869 
 3913 
 3935 
 4067 
 4133 
 4353 
 0 
 0 
 .1983853 
 .8927336 
 1.686275 
 2.876586 
 4.364475 
 6.05075 
 8.034603 
 9.919262 
 12.1015 
 14.58132 
 17.16032 
 20.1361 
 23.21107 
 26.38524 
 29.46021 
 32.53518 
 35.61015 
 38.48674 
 41.46252 
 44.3391 
 47.31488 
 50.38985 
 53.26644 
 56.04383 
 58.62284 
 61.00346 
 63.48328 
 65.66551 
 67.74857 
 69.73241 
 71.71627 
 73.60092 
 75.2872 
 76.77509 
 78.26298 
 79.45329 
 80.64361 
 81.83392 
 82.82584 
 83.81776 
 84.51211 
 85.00807 
 85.40485 
 85.50404 
 85.90081 
 85.90081 
 86 
 85.90081 
 85.40485 
 84.80969 
 83.91695 
 82.92503 
 81.83392 
 80.64361 
 79.25491 
 77.66782 
 76.08073 
 74.09689 
 71.81546 
 69.33565 
 67.05421 
 64.57439 
 61.99539 
 59.31719 
 56.83737 
 54.05998 
 51.0842 
 48.00923 
 45.03345 
 41.85929 
 38.9827 
 36.20531 
 33.22953 
 30.35294 
 27.57555 
 24.69896 
 21.92157 
 19.14417 
 16.56517 
 14.18455 
 12.00231 
 9.919262 
 8.034603 
 6.745099 
 5.058824 
 3.670127 
 2.380623 
 1.487889 
 0 
0
0
0
0
0
0
0
0
