Sandia National Laboratories
Speed Change  Mar, 1996
sx4c11.dat,  Start Time =  sec.,  Y-axis = Load (lbf)
03-27-1996 
2:00:00 PM
 168 
1
0
 13.17297 
 95
 5097.156 
 4906.745 
 5199.685 
 5390.096 
 5580.507 
 5419.39 
 5316.861 
 5302.214 
 5272.92 
 5624.448 
 5463.331 
 5639.095 
 5258.273 
 5551.213 
 5477.978 
 5653.742 
 5419.39 
 5507.272 
 5434.037 
 5683.036 
 5609.801 
 5844.153 
 5580.507 
 5609.801 
 5463.331 
 5800.212 
 5741.624 
 5932.035 
 5917.388 
 6166.387 
 6356.798 
 6605.797 
 7162.383 
 7484.617 
 8173.026 
 7880.086 
 7557.852 
 6928.031 
 7308.853 
 7513.911 
 8173.026 
 7792.204 
 7543.205 
 6898.737 
 7279.559 
 7469.97 
 7967.968 
 7616.44 
 7396.735 
 6971.972 
 7235.618 
 7469.97 
 7836.145 
 7455.323 
 7250.265 
 7015.913 
 7323.5 
 7440.676 
 7557.852 
 7294.206 
 7030.56 
 6971.972 
 7177.03 
 7294.206 
 7294.206 
 7074.501 
 6884.09 
 6854.796 
 7103.795 
 7191.677 
 7133.089 
 6913.384 
 6781.561 
 6810.855 
 6942.678 
 7045.207 
 6913.384 
 6737.62 
 6591.15 
 6503.268 
 6517.915 
 5536.566 
 5067.862 
 4452.688 
 4174.395 
 4906.745 
 5463.331 
 5360.802 
 5067.862 
 4599.158 
 4643.099 
 5038.568 
 5448.684 
 5448.684 
 5097.156 
 101.2683 
 94.39024 
 87.58537 
 80.92683 
 74.34146 
 67.82927 
 61.60976 
 55.90244 
 50.34146 
 45 
 39.80488 
 34.97561 
 30.65854 
 26.63415 
 22.97561 
 19.46342 
 16.39024 
 13.46341 
 10.97561 
 8.707317 
 6.658536 
 4.97561 
 3.512195 
 2.341463 
 1.390244 
 .6585366 
 .2926829 
 7.317073E-02 
 0 
 .2195122 
 .7317073 
 1.390244 
 2.341463 
 3.585366 
 4.97561 
 6.658536 
 8.560976 
 10.68293 
 13.02439 
 15.58537 
 18.36585 
 21.36585 
 24.5122 
 27.80488 
 31.39024 
 35.12195 
 39.21951 
 43.31707 
 47.78049 
 52.2439 
 56.78049 
 61.46341 
 66.36585 
 71.2683 
 76.31707 
 81.51219 
 86.63415 
 91.7561 
 97.02439 
 102.2927 
 107.4146 
 112.7561 
 117.6585 
 122.6341 
 127.5366 
 132.2927 
 136.8293 
 141.2195 
 145.3171 
 149.0488 
 152.7073 
 156 
 158.9268 
 161.561 
 163.7561 
 165.5122 
 166.8293 
 167.7073 
 168 
 168 
 167.3415 
 166.1707 
 164.3415 
 161.9268 
 159 
 155.4146 
 151.3171 
 146.7805 
 141.8781 
 136.3902 
 130.5366 
 124.3902 
 117.9512 
 111.3659 
 101.2683 
0
0
0
0
0
0
0
0
