Sandia National Laboratories
Speed Change  Mar, 1996
sx4c08b.dat,  Start Time =  sec.,  Y-axis = Load (lbf)
03-27-1996     
12:00:00 AM
 168 
1
0
 6.77703 
 95
 6459.327 
 5917.388 
 5858.8 
 6049.211 
 5917.388 
 6547.209 
 6752.267 
 7074.501 
 7103.795 
 7279.559 
 8158.379 
 8553.849 
 9418.021 
 9359.434 
 9330.14 
 9476.609 
 8422.025 
 7806.851 
 7543.205 
 7484.617 
 7220.971 
 8055.85 
 8568.495 
 8920.023 
 9037.199 
 9022.552 
 9125.081 
 8509.907 
 7733.616 
 7264.912 
 7411.382 
 7045.207 
 7045.207 
 7689.675 
 7982.615 
 8231.614 
 8114.438 
 8143.732 
 7733.616 
 7308.853 
 6561.856 
 6488.621 
 6517.915 
 6224.975 
 6386.092 
 6928.031 
 7147.736 
 7001.266 
 7045.207 
 6796.208 
 6444.68 
 5873.447 
 5521.919 
 5507.272 
 5463.331 
 5404.743 
 5536.566 
 5902.741 
 5726.977 
 4965.333 
 3251.634 
 2343.52 
 1948.051 
 1757.64 
 1918.757 
 2987.988 
 4276.924 
 5038.568 
 5272.92 
 5463.331 
 5741.624 
 4555.217 
 3998.631 
 3910.749 
 4262.277 
 4115.807 
 4672.393 
 5639.095 
 6137.093 
 6679.032 
 6576.503 
 6854.796 
 6400.739 
 6049.211 
 6078.505 
 5346.155 
 5565.86 
 5624.448 
 6151.74 
 6078.505 
 6752.267 
 6635.091 
 6840.149 
 6854.796 
 6459.327 
 2.633 
 1.609055 
 .8776665 
 .3656944 
 7.313888E-02 
 0 
 7.313888E-02 
 .4388333 
 .9508054 
 1.828472 
 2.925555 
 4.315194 
 5.777971 
 7.533304 
 9.581193 
 11.77536 
 14.26208 
 16.89508 
 19.82063 
 23.03875 
 26.18372 
 29.62124 
 33.27819 
 37.22769 
 41.25033 
 45.49238 
 49.80758 
 54.34219 
 59.02308 
 63.92338 
 68.82368 
 73.94341 
 78.91685 
 84.10971 
 89.15629 
 94.49543 
 99.68829 
 105.0274 
 110.2203 
 115.1937 
 120.2403 
 125.2869 
 129.9678 
 134.7218 
 139.1833 
 143.4253 
 147.3748 
 151.0318 
 154.4693 
 157.6143 
 160.3936 
 162.8071 
 164.7088 
 166.3178 
 167.2686 
 167.8537 
 168 
 167.5612 
 166.5372 
 165.0013 
 162.9534 
 160.3204 
 157.2486 
 153.5916 
 149.4227 
 144.8881 
 139.6953 
 134.1367 
 128.1393 
 121.7762 
 115.34 
 108.7575 
 101.8093 
 94.93427 
 88.27863 
 81.54985 
 74.96735 
 68.38485 
 61.94863 
 55.80496 
 50.10013 
 44.68785 
 39.56813 
 34.74097 
 30.2795 
 26.25686 
 22.52677 
 19.08925 
 15.94427 
 13.165 
 10.60514 
 8.337831 
 6.436221 
 4.680888 
 2.633 
0
0
0
0
0
0
0
0
