Sandia National Laboratories
Speed Change  Mar, 1996
sx4c05.dat,  Start Time =  sec.,  Y-axis = Load (lbf)
03-27-1996
10:00:00 AM
 168 
1
0
 6.784264 
 95
 8422.025 
 7953.321 
 7645.734 
 7074.501 
 7191.677 
 7206.324 
 7718.969 
 8114.438 
 8216.967 
 8422.025 
 8495.26 
 8334.144 
 7587.146 
 7572.499 
 7147.736 
 7015.913 
 6957.325 
 7191.677 
 7338.147 
 7411.382 
 7762.91 
 7616.44 
 7660.381 
 7089.148 
 7001.266 
 6547.209 
 6181.034 
 6151.74 
 6122.446 
 6342.151 
 6283.563 
 6591.15 
 6503.268 
 6547.209 
 6137.093 
 5932.035 
 5653.742 
 5390.096 
 5302.214 
 5023.921 
 5404.743 
 5272.92 
 5346.155 
 5316.861 
 4599.158 
 2914.753 
 2226.344 
 2109.168 
 1977.345 
 2079.874 
 2958.694 
 4247.63 
 4730.981 
 4789.569 
 5023.921 
 5082.509 
 4364.806 
 3808.22 
 3925.396 
 4189.042 
 4086.513 
 4687.04 
 5683.036 
 5873.447 
 6181.034 
 6254.269 
 6503.268 
 6166.387 
 5975.976 
 6034.564 
 5551.213 
 5580.507 
 5624.448 
 6137.093 
 6122.446 
 6473.974 
 6430.033 
 6488.621 
 6459.327 
 5990.623 
 6063.858 
 5990.623 
 5961.329 
 5814.859 
 6137.093 
 6312.857 
 6430.033 
 6591.15 
 6576.503 
 7147.736 
 8085.144 
 8495.26 
 8656.377 
 8641.73 
 8422.025 
 11.4878 
 14.04878 
 16.68293 
 19.53658 
 22.46342 
 25.7561 
 29.34146 
 33 
 36.87805 
 40.90244 
 45.14634 
 49.46341 
 53.92683 
 58.68293 
 63.58537 
 68.63415 
 73.7561 
 78.65854 
 83.78049 
 88.97561 
 94.31707 
 99.58537 
 104.9268 
 110.0488 
 115.0976 
 120.1463 
 125.2683 
 130.0244 
 134.7073 
 139.2439 
 143.3415 
 147.2927 
 151.0976 
 154.6098 
 157.6829 
 160.4634 
 162.8781 
 164.8537 
 166.3171 
 167.3415 
 167.9268 
 168 
 167.561 
 166.6098 
 165 
 163.0244 
 160.4634 
 157.2439 
 153.5122 
 149.2683 
 144.6585 
 139.6098 
 133.9756 
 128.0488 
 121.6829 
 115.0976 
 108.6585 
 101.7805 
 94.97561 
 88.2439 
 81.43903 
 74.92683 
 68.34146 
 61.97561 
 55.7561 
 50.12195 
 44.56097 
 39.43903 
 34.68293 
 30.21951 
 26.04878 
 22.31707 
 19.02439 
 15.80488 
 13.09756 
 10.46341 
 8.268292 
 6.365854 
 4.756098 
 3.365854 
 2.121951 
 1.243902 
 .6585366 
 .2195122 
 0 
 0 
 .2926829 
 .8048781 
 1.463415 
 2.487805 
 3.585366 
 5.04878 
 6.658536 
 8.487804 
 11.4878 
0
0
0
0
0
0
0
0
