Sandia National Laboratories
Speed Change  Mar, 1996
sx4c08a.dat,  Start Time =  sec.,  Y-axis = Load (lbf)
03-27-1996
12:00:00 AM
 168 
1
0
 6.737658 
 94
 6620.444 
 6517.915 
 6430.033 
 6898.737 
 7191.677 
 7426.029 
 7513.911 
 8173.026 
 8173.026 
 8231.614 
 8055.85 
 8041.203 
 7953.321 
 7469.97 
 7469.97 
 7352.794 
 7279.559 
 7074.501 
 7118.442 
 6649.738 
 5214.332 
 5009.274 
 4921.392 
 4950.686 
 5258.273 
 5829.506 
 6942.678 
 7426.029 
 7426.029 
 7367.441 
 7279.559 
 6810.855 
 7074.501 
 7689.675 
 7924.027 
 8114.438 
 8627.083 
 8788.2 
 8495.26 
 8275.556 
 7967.968 
 7909.38 
 7484.617 
 7338.147 
 7850.792 
 8187.673 
 8173.026 
 8275.556 
 8729.612 
 8509.907 
 8246.261 
 7997.262 
 7806.851 
 7513.911 
 7177.03 
 7279.559 
 7396.735 
 7528.558 
 7411.382 
 7850.792 
 7718.969 
 7396.735 
 6957.325 
 6928.031 
 6605.797 
 6224.975 
 6239.622 
 6254.269 
 6532.562 
 6298.21 
 6430.033 
 6517.915 
 6473.974 
 5932.035 
 5800.212 
 5770.918 
 5243.626 
 5126.45 
 5082.509 
 5228.979 
 5155.744 
 5170.391 
 5243.626 
 5346.155 
 5111.803 
 4950.686 
 5082.509 
 5023.921 
 4979.98 
 5302.214 
 5580.507 
 5785.565 
 6137.093 
 6620.444 
 101.107 
 94.08878 
 87.0705 
 80.12533 
 73.25327 
 66.67363 
 60.24021 
 54.09922 
 48.32376 
 42.84073 
 37.65013 
 32.89817 
 28.58486 
 24.56397 
 20.90862 
 17.69191 
 14.5483 
 11.91645 
 9.577024 
 7.383812 
 5.629243 
 4.240209 
 2.778068 
 1.827676 
 1.023499 
 .4386423 
 .1462141 
 0 
 7.310705E-02 
 .3655353 
 1.023499 
 1.827676 
 2.924282 
 4.313316 
 5.775457 
 7.530026 
 9.503917 
 11.62402 
 14.03655 
 16.81462 
 19.59269 
 22.73629 
 26.02611 
 29.31593 
 33.04439 
 36.99217 
 40.93995 
 45.25327 
 49.63969 
 54.09922 
 58.63186 
 63.45692 
 68.35509 
 73.47259 
 78.59008 
 83.70757 
 88.75196 
 94.08878 
 99.20627 
 104.5431 
 109.7337 
 114.8512 
 119.8225 
 124.7937 
 129.5457 
 134.2977 
 138.7572 
 142.9974 
 147.0183 
 150.7467 
 154.1828 
 157.3264 
 160.1044 
 162.517 
 164.564 
 166.0992 
 167.1958 
 167.8538 
 168 
 167.6345 
 166.6841 
 165.2219 
 163.1018 
 160.5431 
 157.3264 
 153.5979 
 149.3577 
 144.8251 
 139.4151 
 133.859 
 127.9373 
 121.5039 
 115.0705 
 101.107 
0
0
0
0
0
0
0
0
