Sandia National Laboratories
Speed Change  Mar, 1996
sx4d08.dat,  Start Time =  sec.,  Y-axis = Load (lbf)
03-28-1996
12:00:00 AM
 168 
1
0
 8.966634 
 95
 7330.465 
 6922.001 
 6951.177 
 6790.709 
 6922.001 
 7242.937 
 7257.525 
 7184.585 
 7082.469 
 6688.593 
 6353.069 
 6455.186 
 6338.481 
 6484.361 
 6790.709 
 6513.538 
 6411.421 
 6134.25 
 5682.022 
 5550.73 
 5579.906 
 5696.61 
 5915.43 
 5579.906 
 3158.3 
 3202.064 
 2954.068 
 3245.828 
 5040.15 
 4996.387 
 6192.602 
 5550.73 
 4952.623 
 4967.21 
 3683.468 
 4821.331 
 5069.327 
 5317.322 
 6207.189 
 6017.546 
 5827.902 
 5711.198 
 5638.258 
 5463.202 
 5317.322 
 5477.79 
 5813.314 
 6032.134 
 6367.658 
 6353.069 
 6134.25 
 5725.786 
 5550.73 
 5448.614 
 5725.786 
 6163.426 
 6396.833 
 6440.598 
 6250.954 
 6017.546 
 6338.481 
 6557.301 
 6674.005 
 6819.885 
 7534.697 
 8103.628 
 8599.62 
 8876.792 
 8512.092 
 7884.809 
 7447.169 
 7053.293 
 7199.173 
 7855.632 
 8147.392 
 8672.56 
 8789.264 
 8030.688 
 7753.517 
 7286.701 
 6907.413 
 7388.817 
 7826.457 
 8059.864 
 8366.212 
 8366.212 
 7768.104 
 7315.877 
 7053.293 
 7140.821 
 7155.409 
 7680.577 
 8045.276 
 7768.104 
 7330.465 
 123.439 
 128.3415 
 132.9512 
 137.6341 
 141.8781 
 145.8293 
 149.4878 
 153.0732 
 156.3659 
 159.3659 
 161.7805 
 163.9024 
 165.6585 
 166.9756 
 167.8537 
 168 
 167.9268 
 167.2683 
 165.8781 
 164.0488 
 161.7073 
 158.6341 
 155.0488 
 150.8049 
 146.6341 
 141.8049 
 136.3171 
 130.5366 
 124.5366 
 117.8781 
 111.0732 
 104.4146 
 97.31707 
 90.65854 
 83.85366 
 77.12195 
 70.82927 
 64.53658 
 58.31707 
 52.31707 
 46.90244 
 41.92683 
 36.87805 
 32.34146 
 28.17073 
 24.43902 
 20.78049 
 17.56098 
 14.56098 
 12 
 9.658537 
 7.536585 
 5.634146 
 4.097561 
 2.780488 
 1.756098 
 .9512195 
 .4390244 
 .1463415 
 0 
 .1463415 
 .4390244 
 1.097561 
 1.902439 
 2.926829 
 4.243902 
 5.853659 
 7.609756 
 9.585366 
 11.70732 
 14.26829 
 16.97561 
 19.7561 
 22.90244 
 26.04878 
 29.41463 
 33.14634 
 37.02439 
 41.12195 
 45.36585 
 49.7561 
 54.43903 
 58.90244 
 63.65854 
 68.48781 
 73.46342 
 78.7317 
 83.85366 
 88.82927 
 94.09756 
 99.36585 
 104.6341 
 109.6829 
 114.8049 
 123.439 
0
0
0
0
0
0
0
0
