Sandia National Laboratories
Speed Change  Mar, 1996
sx4d11.dat,  Start Time =  sec.,  Y-axis = Load (lbf)
03-28-1996
02:00:00
 168 
1
0
 8.943274 
 95
 5258.97 
 5098.502 
 5857.078 
 6221.778 
 6601.065 
 6892.825 
 6557.301 
 6163.426 
 6892.825 
 7199.173 
 7155.409 
 7301.289 
 8337.036 
 8497.504 
 8468.328 
 8628.796 
 7855.632 
 7403.405 
 7417.993 
 7242.937 
 7753.517 
 8264.097 
 8249.508 
 8526.68 
 8220.332 
 7476.345 
 7417.993 
 7242.937 
 7126.233 
 7797.281 
 8103.628 
 7943.161 
 8103.628 
 7855.632 
 7213.761 
 7272.113 
 7199.173 
 7053.293 
 7680.577 
 7578.461 
 7636.813 
 7797.281 
 7169.997 
 7009.529 
 6892.825 
 6776.121 
 6849.061 
 7242.937 
 7155.409 
 7199.173 
 7184.585 
 6601.065 
 6469.773 
 6513.538 
 6163.426 
 6601.065 
 6717.77 
 6571.89 
 6630.241 
 6178.014 
 5857.078 
 5667.434 
 5609.082 
 5682.022 
 6002.958 
 6440.598 
 6221.778 
 6455.186 
 6221.778 
 6046.722 
 6075.898 
 6192.602 
 6426.009 
 6703.181 
 7097.057 
 6717.77 
 4150.283 
 4266.987 
 3727.231 
 4033.579 
 5754.962 
 6382.246 
 7097.057 
 7082.469 
 6017.546 
 5142.267 
 4938.035 
 4558.747 
 5142.267 
 6134.25 
 6426.009 
 6805.297 
 6892.825 
 5915.43 
 5258.97 
 5.04878 
 3.658537 
 2.341463 
 1.390244 
 .7317073 
 .2926829 
 0 
 0 
 .2195122 
 .7317073 
 1.317073 
 2.268293 
 3.512195 
 4.829268 
 6.585366 
 8.341463 
 10.39024 
 12.80488 
 15.43902 
 18.07317 
 21.07317 
 24.21951 
 27.36585 
 30.87805 
 34.7561 
 38.70732 
 42.87805 
 47.26829 
 51.80488 
 56.34146 
 60.95122 
 65.85366 
 70.7561 
 75.65854 
 80.92683 
 86.19512 
 91.39024 
 96.43903 
 101.7805 
 106.9756 
 112.2439 
 117.1463 
 122.1219 
 127.0244 
 131.7805 
 136.2439 
 140.7073 
 144.8049 
 148.6098 
 152.1951 
 155.561 
 158.4878 
 161.2683 
 163.4634 
 165.2927 
 166.6829 
 167.561 
 168 
 167.9268 
 167.4146 
 166.2439 
 164.4878 
 162.2195 
 159.3659 
 155.7073 
 151.7561 
 147.3659 
 142.3902 
 136.9024 
 131.1219 
 124.8293 
 118.3902 
 111.6585 
 104.7805 
 97.7561 
 90.7317 
 83.92683 
 77.41463 
 71.12195 
 64.68293 
 58.68293 
 52.82927 
 46.90244 
 41.85366 
 36.87805 
 32.4878 
 28.2439 
 24.58537 
 20.92683 
 17.63415 
 14.56098 
 12 
 9.658537 
 7.536585 
 5.04878 
0
0
0
0
0
0
0
0
