Sandia National Laboratories
Speed Change  Mar, 1996
sx4d05b.dat,  Start Time =  sec.,  Y-axis = Load (lbf)
03-28-1996
10:00:00 AM
 168 
1
0
 13.195 
 94
 7972.336 
 8293.272 
 7738.929 
 7359.641 
 7024.117 
 7622.225 
 7899.396 
 8118.216 
 7680.577 
 7374.229 
 7199.173 
 7607.637 
 7913.984 
 7899.396 
 7563.873 
 7345.053 
 7345.053 
 7622.225 
 7826.457 
 7724.341 
 7490.933 
 7257.525 
 7490.933 
 7520.109 
 7665.989 
 7505.521 
 7388.817 
 7257.525 
 7403.405 
 7432.581 
 7432.581 
 7242.937 
 7272.113 
 7184.585 
 7330.465 
 7286.701 
 7315.877 
 7024.117 
 7097.057 
 7024.117 
 7199.173 
 7082.469 
 7097.057 
 6790.709 
 6849.061 
 6615.653 
 6717.77 
 6105.074 
 5229.794 
 4748.391 
 4033.579 
 4646.275 
 4981.798 
 5696.61 
 5083.915 
 4835.918 
 4281.575 
 4690.039 
 4996.387 
 5404.85 
 5098.502 
 4952.623 
 4879.683 
 5186.03 
 5404.85 
 5536.142 
 5346.498 
 5171.442 
 5186.03 
 5448.614 
 5477.79 
 5682.022 
 5463.202 
 5404.85 
 5273.558 
 5506.966 
 5477.79 
 5579.906 
 5477.79 
 5536.142 
 5448.614 
 5682.022 
 5652.846 
 5711.198 
 5506.966 
 5623.67 
 5579.906 
 5784.138 
 5871.666 
 5988.37 
 6309.306 
 6498.949 
 6907.413 
 7972.336 
 4.318954 
 5.856209 
 7.759477 
 9.809151 
 12.15163 
 14.64052 
 17.27582 
 20.20392 
 23.35163 
 26.64575 
 30.15948 
 33.89281 
 37.91895 
 42.0183 
 46.33725 
 50.87582 
 55.56078 
 60.09935 
 65.07713 
 69.9817 
 74.88628 
 80.23006 
 85.35425 
 90.47843 
 95.74902 
 101.166 
 106.3634 
 111.634 
 116.6118 
 121.6627 
 126.5673 
 131.3987 
 136.0105 
 140.4758 
 144.5752 
 148.6013 
 151.9686 
 155.4823 
 158.5569 
 161.1922 
 163.4614 
 165.2915 
 166.6091 
 167.634 
 168 
 168 
 167.268 
 166.0967 
 164.3399 
 162.0706 
 158.9961 
 155.5556 
 151.4562 
 146.9908 
 141.8667 
 136.3765 
 130.5935 
 124.3712 
 117.8562 
 111.1948 
 104.2405 
 97.21307 
 90.40523 
 83.67059 
 76.86275 
 70.34771 
 63.90588 
 57.90327 
 52.33987 
 46.70327 
 41.65229 
 36.5281 
 32.13595 
 27.8902 
 24.08366 
 20.42353 
 17.20261 
 14.27451 
 11.63922 
 9.296732 
 7.173856 
 5.270588 
 3.806536 
 2.488889 
 1.537255 
 .8784314 
 .2928105 
 0 
 0 
 7.320262E-02 
 .5124183 
 1.171242 
 2.049673 
 4.318954 
0
0
0
0
0
0
0
0
