Sandia National Laboratories
Speed Change  Mar, 1996
sx4d05a.dat,  Start Time =  sec.,  Y-axis = Load (lbf)
03-28-1996
10:00:00 AM
 168 
1
0
 13.16423 
 94
 7768.104 
 7665.989 
 7724.341 
 7505.521 
 7549.285 
 7563.873 
 7738.929 
 7651.401 
 7578.461 
 7447.169 
 7520.109 
 7578.461 
 7622.225 
 7578.461 
 7476.345 
 7388.817 
 7374.229 
 7388.817 
 7374.229 
 7345.053 
 7315.877 
 7257.525 
 7242.937 
 7213.761 
 7242.937 
 7155.409 
 7140.821 
 7067.881 
 7097.057 
 7038.705 
 7097.057 
 6980.353 
 6951.177 
 6674.005 
 6601.065 
 6426.009 
 6426.009 
 6411.421 
 6688.593 
 6469.773 
 6513.538 
 6192.602 
 6484.361 
 6426.009 
 6732.357 
 6644.83 
 6746.945 
 6557.301 
 6644.83 
 6674.005 
 6892.825 
 6922.001 
 6994.941 
 6936.589 
 6965.765 
 7009.529 
 7082.469 
 7053.293 
 6994.941 
 6980.353 
 7053.293 
 6878.237 
 6849.061 
 6557.301 
 6601.065 
 6163.426 
 5390.262 
 4558.747 
 5040.15 
 5725.786 
 6455.186 
 6148.838 
 5463.202 
 5215.207 
 5331.91 
 5900.842 
 6192.602 
 6192.602 
 6134.25 
 6790.709 
 6703.181 
 7097.057 
 7199.173 
 7680.577 
 7549.285 
 7709.752 
 7388.817 
 7607.637 
 7490.933 
 7870.221 
 7665.989 
 7724.341 
 7461.757 
 7768.104 
 37.90244 
 42 
 46.2439 
 50.70732 
 55.31707 
 59.92683 
 64.7561 
 69.65854 
 74.63415 
 79.7561 
 84.87805 
 90 
 95.2683 
 100.4634 
 105.6585 
 110.9268 
 115.9024 
 120.8781 
 125.8537 
 130.6829 
 135.2927 
 139.6829 
 143.8537 
 147.7317 
 151.3902 
 154.8293 
 157.8293 
 160.6098 
 162.9512 
 164.9268 
 166.3902 
 167.4146 
 167.9268 
 168 
 167.6341 
 166.4634 
 164.9268 
 162.7317 
 159.8049 
 156.439 
 152.561 
 148.2439 
 143.4878 
 138.0732 
 132.3659 
 126.0732 
 119.6341 
 113.0488 
 106.1707 
 99.21951 
 92.19512 
 85.46342 
 78.58537 
 72.07317 
 65.56097 
 59.34146 
 53.56097 
 47.85366 
 42.58537 
 37.60976 
 33.07317 
 28.7561 
 24.95122 
 21.29268 
 18.07317 
 15 
 12.43902 
 10.02439 
 7.756098 
 5.926829 
 4.243902 
 2.926829 
 1.902439 
 1.097561 
 .3658537 
 .1463415 
 0 
 7.317073E-02 
 .3658537 
 .8780488 
 1.829268 
 2.853658 
 4.170732 
 5.707317 
 7.463415 
 9.658537 
 11.70732 
 14.19512 
 16.7561 
 19.68293 
 22.68293 
 25.90244 
 29.34146 
 37.90244 
0
0
0
0
0
0
0
0
